0.07017555 0.07011093 0.07004637 0.06998187 0.06991743
0.06985305 0.06978873 0.06972447 0.06966027 0.06959613
0.06953204 0.06946802 0.06940405 0.06934015 0.0692763
0.06921251 0.06914878 0.06908511 0.06902149 0.06895794
0.06889444 0.06883101 0.06876763 0.06870431 0.06864104
0.06857784 0.06851469 0.06845161 0.06838858 0.0683256
0.06826269 0.06819983 0.06813704 0.0680743 0.06801161
0.06794899 0.06788642 0.06782391 0.06776146 0.06769907
0.06763673 0.06757445 0.06751223 0.06745006 0.06738796
0.0673259 0.06726391 0.06720198 0.0671401 0.06707827
0.06701651 0.0669548 0.06689315 0.06683155 0.06677002
0.06670853 0.06664711 0.06658574 0.06652443 0.06646317
0.06640198 0.06634083 0.06627975 0.06621872 0.06615774
0.06609683 0.06603596 0.06597516 0.06591441 0.06585371
0.06579308 0.0657325 0.06567197 0.0656115 0.06555108
0.06549073 0.06543042 0.06537017 0.06530998 0.06524984
0.06518976 0.06512974 0.06506977 0.06500985 0.06494999
0.06489018 0.06483043 0.06477074 0.0647111 0.06465151
0.06459198 0.0645325 0.06447308 0.06441372 0.0643544
0.06429515 0.06423595 0.0641768 0.0641177 0.06405866
0.06399968 0.06394075 0.06388187 0.06382305 0.06376428
0.06370557 0.06364691 0.0635883 0.06352975 0.06347125
0.06341281 0.06335442 0.06329608 0.0632378 0.06317957
0.0631214 0.06306327 0.06300521 0.06294719 0.06288923
0.06283132 0.06277347 0.06271567 0.06265792 0.06260022
0.06254258 0.06248499 0.06242746 0.06236997 0.06231254
0.06225517 0.06219784 0.06214057 0.06208335 0.06202619
0.06196907 0.06191201 0.061855 0.06179805 0.06174114
0.06168429 0.0616275 0.06157075 0.06151406 0.06145741
0.06140082 0.06134429 0.0612878 0.06123137 0.06117499
0.06111866 0.06106238 0.06100615 0.06094998 0.06089386
0.06083779 0.06078177 0.0607258 0.06066988 0.06061402
0.06055821 0.06050244 0.06044673 0.06039107 0.06033547
0.06027991 0.0602244 0.06016895 0.06011355 0.0600582
0.06000289 0.05994764 0.05989244 0.0598373 0.0597822
0.05972715 0.05967215 0.05961721 0.05956231 0.05950747
0.05945267 0.05939793 0.05934324 0.05928859 0.059234
0.05917946 0.05912497 0.05907053 0.05901613 0.05896179
0.0589075 0.05885326 0.05879907 0.05874493 0.05869083
0.05863679 0.0585828 0.05852886 0.05847496 0.05842112
0.05836733 0.05831358 0.05825989 0.05820624 0.05815265
0.0580991 0.0580456 0.05799215 0.05793875 0.05788541
0.0578321 0.05777885 0.05772565 0.0576725 0.05761939
0.05756634 0.05751333 0.05746037 0.05740746 0.0573546
0.05730179 0.05724903 0.05719631 0.05714365 0.05709103
0.05703846 0.05698594 0.05693347 0.05688104 0.05682867
0.05677634 0.05672406 0.05667183 0.05661965 0.05656751
0.05651542 0.05646339 0.05641139 0.05635945 0.05630756
0.05625571 0.05620391 0.05615216 0.05610045 0.05604879
0.05599719 0.05594562 0.05589411 0.05584264 0.05579122
0.05573985 0.05568853 0.05563725 0.05558602 0.05553483
0.0554837 0.05543261 0.05538157 0.05533057 0.05527962
0.05522872 0.05517787 0.05512706 0.0550763 0.05502559
0.05497492 0.0549243 0.05487372 0.0548232 0.05477272
0.05472228 0.05467189 0.05462155 0.05457126 0.05452101
0.05447081 0.05442065 0.05437054 0.05432047 0.05427046
0.05422048 0.05417056 0.05412068 0.05407084 0.05402106
0.05397131 0.05392162 0.05387197 0.05382236 0.0537728
0.05372329 0.05367382 0.0536244 0.05357502 0.05352569
0.0534764 0.05342716 0.05337797 0.05332882 0.05327971
0.05323065 0.05318164 0.05313267 0.05308375 0.05303487
0.05298603 0.05293724 0.0528885 0.0528398 0.05279114
0.05274253 0.05269397 0.05264545 0.05259697 0.05254854
0.05250016 0.05245181 0.05240352 0.05235526 0.05230706
0.05225889 0.05221077 0.0521627 0.05211467 0.05206668
0.05201874 0.05197084 0.05192298 0.05187517 0.05182741
0.05177968 0.05173201 0.05168437 0.05163678 0.05158923
0.05154173 0.05149427 0.05144686 0.05139948 0.05135216
0.05130487 0.05125763 0.05121043 0.05116328 0.05111617
0.0510691 0.05102207 0.05097509 0.05092816 0.05088126
0.05083441 0.0507876 0.05074084 0.05069412 0.05064744
0.0506008 0.05055421 0.05050766 0.05046115 0.05041469
0.05036827 0.05032189 0.05027555 0.05022926 0.05018301
0.0501368 0.05009063 0.05004451 0.04999843 0.04995239
0.04990639 0.04986044 0.04981453 0.04976866 0.04972283
0.04967705 0.04963131 0.04958561 0.04953995 0.04949433
0.04944876 0.04940323 0.04935774 0.04931229 0.04926688
0.04922152 0.04917619 0.04913091 0.04908567 0.04904048
0.04899532 0.0489502 0.04890513 0.0488601 0.04881511
0.04877016 0.04872525 0.04868039 0.04863556 0.04859078
0.04854604 0.04850134 0.04845668 0.04841206 0.04836748
0.04832294 0.04827845 0.04823399 0.04818958 0.04814521
0.04810088 0.04805659 0.04801234 0.04796813 0.04792396
0.04787983 0.04783574 0.0477917 0.04774769 0.04770372
0.0476598 0.04761591 0.04757207 0.04752826 0.0474845
0.04744078 0.04739709 0.04735345 0.04730985 0.04726629
0.04722276 0.04717928 0.04713584 0.04709244 0.04704907
0.04700575 0.04696247 0.04691923 0.04687602 0.04683286
0.04678974 0.04674665 0.04670361 0.0466606 0.04661764
0.04657471 0.04653183 0.04648898 0.04644617 0.04640341
0.04636068 0.04631799 0.04627534 0.04623273 0.04619016
0.04614763 0.04610514 0.04606268 0.04602027 0.04597789
0.04593556 0.04589326 0.045851 0.04580878 0.0457666
0.04572446 0.04568236 0.04564029 0.04559827 0.04555628
0.04551433 0.04547242 0.04543055 0.04538872 0.04534693
0.04530517 0.04526346 0.04522178 0.04518014 0.04513854
0.04509697 0.04505545 0.04501396 0.04497251 0.0449311
0.04488973 0.0448484 0.0448071 0.04476584 0.04472462
0.04468344 0.04464229 0.04460119 0.04456012 0.04451909
0.0444781 0.04443714 0.04439622 0.04435534 0.0443145
0.0442737 0.04423293 0.0441922 0.04415151 0.04411085
0.04407024 0.04402966 0.04398912 0.04394861 0.04390814
0.04386771 0.04382732 0.04378696 0.04374665 0.04370636
0.04366612 0.04362591 0.04358574 0.04354561 0.04350551
0.04346545 0.04342543 0.04338544 0.04334549 0.04330558
0.04326571 0.04322587 0.04318606 0.0431463 0.04310657
0.04306688 0.04302722 0.0429876 0.04294802 0.04290847
0.04286896 0.04282949 0.04279005 0.04275065 0.04271129
0.04267196 0.04263267 0.04259341 0.04255419 0.04251501
0.04247586 0.04243675 0.04239767 0.04235863 0.04231963
0.04228066 0.04224173 0.04220284 0.04216398 0.04212515
0.04208636 0.04204761 0.04200889 0.04197021 0.04193156
0.04189295 0.04185438 0.04181584 0.04177734 0.04173887
0.04170044 0.04166204 0.04162368 0.04158535 0.04154706
0.0415088 0.04147058 0.04143239 0.04139424 0.04135613
0.04131805 0.04128 0.04124199 0.04120402 0.04116608
0.04112817 0.0410903 0.04105246 0.04101466 0.0409769
0.04093917 0.04090147 0.04086381 0.04082618 0.04078859
0.04075103 0.04071351 0.04067602 0.04063856 0.04060114
0.04056376 0.04052641 0.04048909 0.04045181 0.04041456
0.04037735 0.04034017 0.04030302 0.04026591 0.04022884
0.04019179 0.04015479 0.04011781 0.04008087 0.04004396
0.04000709 0.03997025 0.03993345 0.03989668 0.03985994
0.03982324 0.03978657 0.03974994 0.03971333 0.03967677
0.03964023 0.03960373 0.03956726 0.03953083 0.03949443
0.03945807 0.03942173 0.03938543 0.03934917 0.03931294
0.03927674 0.03924057 0.03920444 0.03916834 0.03913227
0.03909624 0.03906024 0.03902427 0.03898834 0.03895244
0.03891657 0.03888074 0.03884494 0.03880917 0.03877343
0.03873773 0.03870206 0.03866643 0.03863082 0.03859525
0.03855971 0.03852421 0.03848873 0.03845329 0.03841789
0.03838251 0.03834717 0.03831186 0.03827658 0.03824134
0.03820612 0.03817094 0.0381358 0.03810068 0.0380656
0.03803055 0.03799553 0.03796054 0.03792559 0.03789067
0.03785578 0.03782092 0.0377861 0.0377513 0.03771654
0.03768181 0.03764712 0.03761245 0.03757782 0.03754322
0.03750865 0.03747411 0.0374396 0.03740513 0.03737069
0.03733628 0.0373019 0.03726755 0.03723323 0.03719895
0.0371647 0.03713048 0.03709629 0.03706213 0.037028
0.03699391 0.03695984 0.03692581 0.03689181 0.03685784
0.0368239 0.03678999 0.03675612 0.03672227 0.03668846
0.03665468 0.03662092 0.0365872 0.03655352 0.03651986
0.03648623 0.03645263 0.03641907 0.03638553 0.03635203
0.03631856 0.03628512 0.0362517 0.03621832 0.03618497
0.03615166 0.03611837 0.03608511 0.03605188 0.03601869
0.03598552 0.03595239 0.03591928 0.03588621 0.03585316
0.03582015 0.03578717 0.03575421 0.03572129 0.0356884
0.03565554 0.03562271 0.0355899 0.03555713 0.03552439
0.03549168 0.035459 0.03542635 0.03539373 0.03536114
0.03532858 0.03529605 0.03526355 0.03523108 0.03519864
0.03516623 0.03513385 0.0351015 0.03506917 0.03503688
0.03500462 0.03497239 0.03494019 0.03490801 0.03487587
0.03484376 0.03481167 0.03477962 0.03474759 0.0347156
0.03468363 0.0346517 0.03461979 0.03458791 0.03455606
0.03452424 0.03449246 0.03446069 0.03442896 0.03439726
0.03436559 0.03433395 0.03430233 0.03427075 0.03423919
0.03420766 0.03417616 0.03414469 0.03411325 0.03408184
0.03405046 0.03401911 0.03398778 0.03395649 0.03392522
0.03389398 0.03386277 0.03383159 0.03380044 0.03376932
0.03373822 0.03370716 0.03367612 0.03364511 0.03361413
0.03358318 0.03355225 0.03352136 0.03349049 0.03345966
0.03342885 0.03339807 0.03336731 0.03333659 0.03330589
0.03327522 0.03324458 0.03321397 0.03318339 0.03315283
0.03312231 0.03309181 0.03306134 0.0330309 0.03300048
0.03297009 0.03293974 0.0329094 0.0328791 0.03284883
0.03281858 0.03278836 0.03275817 0.03272801 0.03269787
0.03266776 0.03263768 0.03260763 0.0325776 0.03254761
0.03251764 0.0324877 0.03245778 0.03242789 0.03239803
0.0323682 0.0323384 0.03230862 0.03227887 0.03224915
0.03221945 0.03218979 0.03216015 0.03213053 0.03210095
0.03207139 0.03204186 0.03201236 0.03198288 0.03195343
0.03192401 0.03189461 0.03186524 0.0318359 0.03180659
0.0317773 0.03174804 0.03171881 0.0316896 0.03166042
0.03163127 0.03160214 0.03157304 0.03154397 0.03151492
0.03148591 0.03145691 0.03142795 0.03139901 0.0313701
0.03134121 0.03131235 0.03128352 0.03125472 0.03122594
0.03119718 0.03116846 0.03113976 0.03111108 0.03108244
0.03105382 0.03102522 0.03099665 0.03096811 0.0309396
0.03091111 0.03088265 0.03085421 0.0308258 0.03079742
0.03076906 0.03074073 0.03071242 0.03068414 0.03065589
0.03062766 0.03059946 0.03057128 0.03054313 0.03051501
0.03048691 0.03045884 0.03043079 0.03040277 0.03037477
0.03034681 0.03031886 0.03029095 0.03026305 0.03023519
0.03020735 0.03017953 0.03015174 0.03012398 0.03009624
0.03006853 0.03004084 0.03001318 0.02998554 0.02995793
0.02993035 0.02990279 0.02987526 0.02984775 0.02982026
0.0297928 0.02976537 0.02973796 0.02971058 0.02968322
0.02965589 0.02962858 0.0296013 0.02957405 0.02954681
0.02951961 0.02949243 0.02946527 0.02943814 0.02941103
0.02938395 0.02935689 0.02932986 0.02930286 0.02927587
0.02924892 0.02922198 0.02919508 0.02916819 0.02914134
0.0291145 0.02908769 0.02906091 0.02903415 0.02900742
0.02898071 0.02895402 0.02892736 0.02890073 0.02887411
0.02884753 0.02882096 0.02879443 0.02876791 0.02874142
0.02871496 0.02868852 0.0286621 0.02863571 0.02860934
0.028583 0.02855668 0.02853038 0.02850411 0.02847787
0.02845165 0.02842545 0.02839927 0.02837312 0.028347
0.0283209 0.02829482 0.02826876 0.02824273 0.02821673
0.02819075 0.02816479 0.02813886 0.02811295 0.02808706
0.0280612 0.02803536 0.02800954 0.02798375 0.02795798
0.02793224 0.02790652 0.02788083 0.02785515 0.0278295
0.02780388 0.02777828 0.0277527 0.02772714 0.02770161
0.02767611 0.02765062 0.02762516 0.02759972 0.02757431
0.02754892 0.02752355 0.02749821 0.02747289 0.02744759
0.02742232 0.02739707 0.02737184 0.02734664 0.02732146
0.0272963 0.02727117 0.02724605 0.02722097 0.0271959
0.02717086 0.02714584 0.02712085 0.02709587 0.02707092
0.027046 0.02702109 0.02699621 0.02697135 0.02694652
0.02692171 0.02689692 0.02687215 0.02684741 0.02682269
0.02679799 0.02677331 0.02674866 0.02672403 0.02669942
0.02667484 0.02665028 0.02662574 0.02660122 0.02657673
0.02655225 0.0265278 0.02650338 0.02647897 0.02645459
0.02643023 0.0264059 0.02638158 0.02635729 0.02633302
0.02630877 0.02628455 0.02626034 0.02623616 0.02621201
0.02618787 0.02616376 0.02613967 0.0261156 0.02609155
0.02606752 0.02604352 0.02601954 0.02599558 0.02597165
0.02594773 0.02592384 0.02589997 0.02587612 0.02585229
0.02582849 0.02580471 0.02578094 0.02575721 0.02573349
0.02570979 0.02568612 0.02566247 0.02563884 0.02561523
0.02559164 0.02556808 0.02554454 0.02552102 0.02549752
0.02547404 0.02545058 0.02542715 0.02540373 0.02538034
0.02535697 0.02533362 0.0253103 0.02528699 0.02526371
0.02524044 0.0252172 0.02519398 0.02517078 0.02514761
0.02512445 0.02510132 0.0250782 0.02505511 0.02503204
0.02500899 0.02498596 0.02496296 0.02493997 0.02491701
0.02489406 0.02487114 0.02484824 0.02482536 0.0248025
0.02477966 0.02475685 0.02473405 0.02471127 0.02468852
0.02466579 0.02464308 0.02462038 0.02459771 0.02457506
0.02455244 0.02452983 0.02450724 0.02448467 0.02446213
0.0244396 0.0244171 0.02439462 0.02437216 0.02434971
0.02432729 0.02430489 0.02428251 0.02426015 0.02423781
0.0242155 0.0241932 0.02417092 0.02414867 0.02412643
0.02410421 0.02408202 0.02405984 0.02403769 0.02401556
0.02399344 0.02397135 0.02394928 0.02392723 0.02390519
0.02388318 0.02386119 0.02383922 0.02381727 0.02379534
0.02377343 0.02375154 0.02372967 0.02370782 0.02368599
0.02366418 0.02364239 0.02362062 0.02359887 0.02357714
0.02355543 0.02353374 0.02351207 0.02349042 0.02346879
0.02344718 0.02342559 0.02340402 0.02338247 0.02336094
0.02333943 0.02331794 0.02329646 0.02327501 0.02325358
0.02323217 0.02321078 0.02318941 0.02316805 0.02314672
0.02312541 0.02310411 0.02308284 0.02306158 0.02304035
0.02301913 0.02299794 0.02297676 0.0229556 0.02293447
0.02291335 0.02289225 0.02287117 0.02285011 0.02282907
0.02280805 0.02278705 0.02276607 0.0227451 0.02272416
0.02270324 0.02268233 0.02266145 0.02264058 0.02261973
0.0225989 0.0225781 0.02255731 0.02253653 0.02251578
0.02249505 0.02247434 0.02245364 0.02243297 0.02241231
0.02239167 0.02237106 0.02235046 0.02232988 0.02230932
0.02228877 0.02226825 0.02224775 0.02222726 0.02220679
0.02218635 0.02216592 0.02214551 0.02212512 0.02210474
0.02208439 0.02206405 0.02204374 0.02202344 0.02200316
0.0219829 0.02196266 0.02194243 0.02192223 0.02190204
0.02188188 0.02186173 0.0218416 0.02182149 0.02180139
0.02178132 0.02176126 0.02174123 0.02172121 0.02170121
0.02168122 0.02166126 0.02164131 0.02162139 0.02160148
0.02158159 0.02156171 0.02154186 0.02152203 0.02150221
0.02148241 0.02146263 0.02144287 0.02142312 0.02140339
0.02138369 0.021364 0.02134432 0.02132467 0.02130504
0.02128542 0.02126582 0.02124624 0.02122667 0.02120713
0.0211876 0.02116809 0.0211486 0.02112913 0.02110967
0.02109023 0.02107081 0.02105141 0.02103203 0.02101266
0.02099331 0.02097398 0.02095467 0.02093537 0.0209161
0.02089684 0.0208776 0.02085837 0.02083917 0.02081998
0.02080081 0.02078165 0.02076252 0.0207434 0.0207243
0.02070522 0.02068615 0.0206671 0.02064807 0.02062906
0.02061007 0.02059109 0.02057213 0.02055319 0.02053426
0.02051535 0.02049646 0.02047759 0.02045873 0.02043989
0.02042107 0.02040227 0.02038348 0.02036472 0.02034596
0.02032723 0.02030851 0.02028981 0.02027113 0.02025246
0.02023382 0.02021518 0.02019657 0.02017797 0.02015939
0.02014083 0.02012229 0.02010376 0.02008525 0.02006675
0.02004827 0.02002981 0.02001137 0.01999294 0.01997453
0.01995614 0.01993777 0.01991941 0.01990107 0.01988274
0.01986443 0.01984614 0.01982787 0.01980961 0.01979137
0.01977315 0.01975494 0.01973675 0.01971858 0.01970042
0.01968228 0.01966416 0.01964605 0.01962796 0.01960989
0.01959183 0.01957379 0.01955577 0.01953776 0.01951977
0.01950179 0.01948384 0.0194659 0.01944797 0.01943007
0.01941217 0.0193943 0.01937644 0.0193586 0.01934077
0.01932297 0.01930517 0.0192874 0.01926964 0.01925189
0.01923417 0.01921646 0.01919876 0.01918108 0.01916342
0.01914578 0.01912815 0.01911053 0.01909294 0.01907536
0.01905779 0.01904024 0.01902271 0.0190052 0.0189877
0.01897021 0.01895274 0.01893529 0.01891786 0.01890044
0.01888303 0.01886565 0.01884828 0.01883092 0.01881358
0.01879626 0.01877895 0.01876166 0.01874438 0.01872712
0.01870988 0.01869265 0.01867544 0.01865824 0.01864106
0.0186239 0.01860675 0.01858962 0.0185725 0.0185554
0.01853831 0.01852124 0.01850419 0.01848715 0.01847013
0.01845312 0.01843613 0.01841915 0.01840219 0.01838525
0.01836832 0.0183514 0.01833451 0.01831762 0.01830076
0.01828391 0.01826707 0.01825025 0.01823345 0.01821666
0.01819988 0.01818312 0.01816638 0.01814965 0.01813294
0.01811624 0.01809956 0.0180829 0.01806625 0.01804961
0.01803299 0.01801639 0.0179998 0.01798322 0.01796666
0.01795012 0.01793359 0.01791708 0.01790058 0.0178841
0.01786763 0.01785118 0.01783474 0.01781832 0.01780191
0.01778552 0.01776914 0.01775278 0.01773644 0.0177201
0.01770379 0.01768749 0.0176712 0.01765493 0.01763867
0.01762243 0.0176062 0.01758999 0.01757379 0.01755761
0.01754145 0.01752529 0.01750916 0.01749303 0.01747693
0.01746083 0.01744476 0.01742869 0.01741264 0.01739661
0.01738059 0.01736459 0.0173486 0.01733262 0.01731667
0.01730072 0.01728479 0.01726887 0.01725297 0.01723709
0.01722121 0.01720536 0.01718951 0.01717369 0.01715787
0.01714207 0.01712629 0.01711052 0.01709477 0.01707902
0.0170633 0.01704759 0.01703189 0.01701621 0.01700054
0.01698488 0.01696924 0.01695362 0.01693801 0.01692241
0.01690683 0.01689126 0.01687571 0.01686017 0.01684464
0.01682913 0.01681364 0.01679816 0.01678269 0.01676724
0.0167518 0.01673637 0.01672096 0.01670556 0.01669018
0.01667481 0.01665946 0.01664412 0.01662879 0.01661348
0.01659818 0.0165829 0.01656763 0.01655238 0.01653713
0.01652191 0.01650669 0.01649149 0.01647631 0.01646114
0.01644598 0.01643084 0.01641571 0.01640059 0.01638549
0.0163704 0.01635533 0.01634027 0.01632522 0.01631019
0.01629517 0.01628017 0.01626518 0.0162502 0.01623524
0.01622029 0.01620535 0.01619043 0.01617552 0.01616063
0.01614575 0.01613088 0.01611603 0.01610119 0.01608636
0.01607155 0.01605675 0.01604197 0.0160272 0.01601244
0.01599769 0.01598296 0.01596825 0.01595354 0.01593885
0.01592418 0.01590951 0.01589486 0.01588023 0.01586561
0.015851 0.0158364 0.01582182 0.01580725 0.0157927
0.01577815 0.01576362 0.01574911 0.01573461 0.01572012
0.01570564 0.01569118 0.01567673 0.0156623 0.01564788
0.01563347 0.01561907 0.01560469 0.01559032 0.01557597
0.01556163 0.0155473 0.01553298 0.01551868 0.01550439
0.01549011 0.01547585 0.0154616 0.01544736 0.01543314
0.01541893 0.01540473 0.01539055 0.01537637 0.01536222
0.01534807 0.01533394 0.01531982 0.01530571 0.01529162
0.01527754 0.01526347 0.01524942 0.01523537 0.01522135
0.01520733 0.01519333 0.01517934 0.01516536 0.0151514
0.01513744 0.01512351 0.01510958 0.01509567 0.01508177
0.01506788 0.01505401 0.01504014 0.0150263 0.01501246
0.01499864 0.01498483 0.01497103 0.01495724 0.01494347
0.01492971 0.01491596 0.01490223 0.01488851 0.0148748
0.0148611 0.01484742 0.01483375 0.01482009 0.01480644
0.01479281 0.01477919 0.01476558 0.01475198 0.0147384
0.01472483 0.01471127 0.01469772 0.01468419 0.01467067
0.01465716 0.01464366 0.01463018 0.01461671 0.01460325
0.0145898 0.01457637 0.01456295 0.01454954 0.01453614
0.01452275 0.01450938 0.01449602 0.01448267 0.01446934
0.01445601 0.0144427 0.0144294 0.01441612 0.01440284
0.01438958 0.01437633 0.01436309 0.01434987 0.01433666
0.01432345 0.01431027 0.01429709 0.01428392 0.01427077
0.01425763 0.0142445 0.01423139 0.01421828 0.01420519
0.01419211 0.01417904 0.01416599 0.01415294 0.01413991
0.01412689 0.01411388 0.01410089 0.0140879 0.01407493
0.01406197 0.01404902 0.01403609 0.01402316 0.01401025
0.01399735 0.01398446 0.01397158 0.01395872 0.01394586
0.01393302 0.01392019 0.01390738 0.01389457 0.01388178
0.01386899 0.01385622 0.01384347 0.01383072 0.01381798
0.01380526 0.01379255 0.01377985 0.01376716 0.01375448
0.01374182 0.01372916 0.01371652 0.01370389 0.01369127
0.01367867 0.01366607 0.01365349 0.01364092 0.01362836
0.01361581 0.01360327 0.01359074 0.01357823 0.01356573
0.01355324 0.01354076 0.01352829 0.01351583 0.01350339
0.01349095 0.01347853 0.01346612 0.01345372 0.01344133
0.01342895 0.01341659 0.01340423 0.01339189 0.01337956
0.01336724 0.01335493 0.01334264 0.01333035 0.01331807
0.01330581 0.01329356 0.01328132 0.01326909 0.01325687
0.01324466 0.01323247 0.01322028 0.01320811 0.01319595
0.0131838 0.01317166 0.01315953 0.01314741 0.01313531
0.01312321 0.01311113 0.01309906 0.01308699 0.01307494
0.01306291 0.01305088 0.01303886 0.01302685 0.01301486
0.01300287 0.0129909 0.01297894 0.01296699 0.01295505
0.01294312 0.0129312 0.01291929 0.0129074 0.01289551
0.01288364 0.01287178 0.01285992 0.01284808 0.01283625
0.01282443 0.01281262 0.01280083 0.01278904 0.01277726
0.0127655 0.01275374 0.012742 0.01273027 0.01271855
0.01270683 0.01269513 0.01268344 0.01267177 0.0126601
0.01264844 0.01263679 0.01262516 0.01261353 0.01260192
0.01259031 0.01257872 0.01256714 0.01255557 0.01254401
0.01253246 0.01252092 0.01250939 0.01249787 0.01248636
0.01247486 0.01246338 0.0124519 0.01244043 0.01242898
0.01241753 0.0124061 0.01239468 0.01238326 0.01237186
0.01236047 0.01234909 0.01233772 0.01232636 0.01231501
0.01230367 0.01229234 0.01228102 0.01226971 0.01225841
0.01224713 0.01223585 0.01222458 0.01221333 0.01220208
0.01219084 0.01217962 0.0121684 0.0121572 0.012146
0.01213482 0.01212365 0.01211248 0.01210133 0.01209019
0.01207906 0.01206793 0.01205682 0.01204572 0.01203463
0.01202355 0.01201247 0.01200141 0.01199036 0.01197932
0.01196829 0.01195727 0.01194626 0.01193526 0.01192427
0.01191329 0.01190232 0.01189136 0.01188041 0.01186947
0.01185854 0.01184762 0.01183672 0.01182582 0.01181493
0.01180405 0.01179318 0.01178232 0.01177147 0.01176063
0.0117498 0.01173898 0.01172817 0.01171738 0.01170659
0.01169581 0.01168504 0.01167428 0.01166353 0.01165279
0.01164206 0.01163134 0.01162063 0.01160993 0.01159924
0.01158856 0.01157789 0.01156723 0.01155657 0.01154593
0.0115353 0.01152468 0.01151407 0.01150347 0.01149287
0.01148229 0.01147172 0.01146116 0.0114506 0.01144006
0.01142952 0.011419 0.01140849 0.01139798 0.01138749
0.011377 0.01136652 0.01135606 0.0113456 0.01133515
0.01132472 0.01131429 0.01130387 0.01129346 0.01128306
0.01127267 0.01126229 0.01125192 0.01124156 0.01123121
0.01122087 0.01121054 0.01120022 0.0111899 0.0111796
0.01116931 0.01115902 0.01114875 0.01113848 0.01112822
0.01111798 0.01110774 0.01109751 0.01108729 0.01107708
0.01106688 0.01105669 0.01104651 0.01103634 0.01102618
0.01101603 0.01100588 0.01099575 0.01098562 0.01097551
0.0109654 0.01095531 0.01094522 0.01093514 0.01092507
0.01091501 0.01090496 0.01089492 0.01088489 0.01087486
0.01086485 0.01085485 0.01084485 0.01083487 0.01082489
0.01081492 0.01080496 0.01079501 0.01078507 0.01077514
0.01076522 0.01075531 0.01074541 0.01073551 0.01072563
0.01071575 0.01070588 0.01069602 0.01068618 0.01067634
0.01066651 0.01065668 0.01064687 0.01063707 0.01062727
0.01061749 0.01060771 0.01059794 0.01058819 0.01057844
0.0105687 0.01055896 0.01054924 0.01053953 0.01052982
0.01052013 0.01051044 0.01050076 0.01049109 0.01048143
0.01047178 0.01046214 0.01045251 0.01044288 0.01043327
0.01042366 0.01041406 0.01040447 0.01039489 0.01038532
0.01037576 0.0103662 0.01035666 0.01034712 0.01033759
0.01032807 0.01031856 0.01030906 0.01029957 0.01029009
0.01028061 0.01027115 0.01026169 0.01025224 0.0102428
0.01023337 0.01022394 0.01021453 0.01020512 0.01019573
0.01018634 0.01017696 0.01016759 0.01015823 0.01014887
0.01013953 0.01013019 0.01012086 0.01011155 0.01010223
0.01009293 0.01008364 0.01007435 0.01006508 0.01005581
0.01004655 0.0100373 0.01002806 0.01001882 0.0100096
0.01000038 0.009991173 0.009981973 0.009972782 0.009963599
0.009954425 0.009945259 0.009936101 0.009926952 0.009917811
0.009908679 0.009899555 0.00989044 0.009881333 0.009872234
0.009863144 0.009854062 0.009844988 0.009835923 0.009826866
0.009817818 0.009808778 0.009799746 0.009790722 0.009781707
0.0097727 0.009763701 0.009754711 0.009745729 0.009736755
0.00972779 0.009718832 0.009709883 0.009700942 0.00969201
0.009683085 0.009674169 0.009665261 0.009656362 0.00964747
0.009638587 0.009629712 0.009620845 0.009611986 0.009603135
0.009594293 0.009585458 0.009576632 0.009567814 0.009559004
0.009550202 0.009541408 0.009532623 0.009523845 0.009515076
0.009506314 0.009497561 0.009488816 0.009480078 0.009471349
0.009462628 0.009453915 0.00944521 0.009436513 0.009427824
0.009419142 0.009410469 0.009401804 0.009393147 0.009384498
0.009375857 0.009367224 0.009358598 0.009349981 0.009341372
0.00933277 0.009324176 0.009315591 0.009307013 0.009298443
0.009289881 0.009281327 0.009272781 0.009264243 0.009255712
0.00924719 0.009238675 0.009230168 0.009221669 0.009213178
0.009204694 0.009196219 0.009187751 0.009179291 0.009170838
0.009162394 0.009153957 0.009145528 0.009137107 0.009128694
0.009120288 0.00911189 0.0091035 0.009095118 0.009086743
0.009078376 0.009070017 0.009061665 0.009053321 0.009044985
0.009036656 0.009028335 0.009020022 0.009011717 0.009003419
0.008995128 0.008986846 0.008978571 0.008970303 0.008962043
0.008953791 0.008945547 0.00893731 0.00892908 0.008920858
0.008912644 0.008904437 0.008896238 0.008888047 0.008879863
0.008871686 0.008863517 0.008855356 0.008847202 0.008839055
0.008830916 0.008822785 0.008814661 0.008806544 0.008798435
0.008790334 0.00878224 0.008774153 0.008766074 0.008758002
0.008749938 0.008741881 0.008733831 0.008725789 0.008717755
0.008709727 0.008701708 0.008693695 0.00868569 0.008677692
0.008669702 0.008661719 0.008653743 0.008645775 0.008637814
0.00862986 0.008621914 0.008613975 0.008606043 0.008598119
0.008590202 0.008582292 0.008574389 0.008566494 0.008558606
0.008550725 0.008542852 0.008534986 0.008527127 0.008519275
0.008511431 0.008503593 0.008495763 0.00848794 0.008480125
0.008472316 0.008464515 0.008456721 0.008448934 0.008441154
0.008433382 0.008425616 0.008417858 0.008410107 0.008402363
0.008394626 0.008386896 0.008379174 0.008371458 0.00836375
0.008356049 0.008348355 0.008340667 0.008332987 0.008325314
0.008317648 0.00830999 0.008302338 0.008294693 0.008287055
0.008279425 0.008271801 0.008264184 0.008256575 0.008248972
0.008241377 0.008233788 0.008226206 0.008218632 0.008211064
0.008203503 0.00819595 0.008188403 0.008180863 0.00817333
0.008165804 0.008158285 0.008150773 0.008143268 0.00813577
0.008128278 0.008120794 0.008113316 0.008105846 0.008098382
0.008090925 0.008083475 0.008076031 0.008068595 0.008061166
0.008053743 0.008046327 0.008038918 0.008031516 0.008024121
0.008016732 0.00800935 0.008001975 0.007994607 0.007987246
0.007979891 0.007972543 0.007965202 0.007957868 0.00795054
0.007943219 0.007935905 0.007928598 0.007921297 0.007914004
0.007906716 0.007899436 0.007892162 0.007884895 0.007877635
0.007870381 0.007863134 0.007855894 0.00784866 0.007841433
0.007834213 0.007826999 0.007819792 0.007812592 0.007805398
0.007798211 0.00779103 0.007783856 0.007776689 0.007769528
0.007762374 0.007755226 0.007748085 0.007740951 0.007733823
0.007726702 0.007719587 0.007712479 0.007705378 0.007698282
0.007691194 0.007684112 0.007677036 0.007669967 0.007662905
0.007655849 0.0076488 0.007641757 0.00763472 0.00762769
0.007620667 0.00761365 0.007606639 0.007599635 0.007592637
0.007585646 0.007578661 0.007571683 0.007564711 0.007557745
0.007550786 0.007543833 0.007536887 0.007529947 0.007523014
0.007516086 0.007509166 0.007502251 0.007495343 0.007488442
0.007481546 0.007474657 0.007467775 0.007460898 0.007454028
0.007447165 0.007440307 0.007433456 0.007426612 0.007419773
0.007412941 0.007406116 0.007399296 0.007392483 0.007385676
0.007378875 0.007372081 0.007365293 0.007358511 0.007351735
0.007344966 0.007338202 0.007331445 0.007324695 0.00731795
0.007311212 0.00730448 0.007297754 0.007291034 0.00728432
0.007277613 0.007270912 0.007264217 0.007257528 0.007250845
0.007244169 0.007237498 0.007230834 0.007224176 0.007217524
0.007210878 0.007204238 0.007197605 0.007190977 0.007184356
0.007177741 0.007171131 0.007164528 0.007157931 0.00715134
0.007144755 0.007138176 0.007131604 0.007125037 0.007118476
0.007111922 0.007105373 0.00709883 0.007092294 0.007085763
0.007079239 0.00707272 0.007066208 0.007059701 0.007053201
0.007046706 0.007040218 0.007033735 0.007027258 0.007020788
0.007014323 0.007007864 0.007001411 0.006994965 0.006988524
0.006982089 0.00697566 0.006969236 0.006962819 0.006956408
0.006950002 0.006943603 0.006937209 0.006930822 0.00692444
0.006918064 0.006911694 0.006905329 0.006898971 0.006892618
0.006886272 0.006879931 0.006873596 0.006867267 0.006860943
0.006854626 0.006848314 0.006842008 0.006835708 0.006829414
0.006823126 0.006816843 0.006810566 0.006804295 0.006798029
0.00679177 0.006785516 0.006779268 0.006773026 0.006766789
0.006760558 0.006754333 0.006748114 0.0067419 0.006735692
0.00672949 0.006723294 0.006717103 0.006710918 0.006704738
0.006698565 0.006692397 0.006686234 0.006680078 0.006673927
0.006667781 0.006661642 0.006655508 0.006649379 0.006643257
0.00663714 0.006631028 0.006624922 0.006618822 0.006612728
0.006606639 0.006600555 0.006594478 0.006588405 0.006582339
0.006576278 0.006570223 0.006564173 0.006558128 0.00655209
0.006546057 0.006540029 0.006534007 0.006527991 0.00652198
0.006515974 0.006509974 0.00650398 0.006497991 0.006492008
0.00648603 0.006480058 0.006474091 0.00646813 0.006462174
0.006456224 0.006450279 0.006444339 0.006438405 0.006432477
0.006426554 0.006420636 0.006414724 0.006408818 0.006402917
0.006397021 0.00639113 0.006385245 0.006379366 0.006373492
0.006367623 0.00636176 0.006355902 0.00635005 0.006344203
0.006338361 0.006332524 0.006326694 0.006320868 0.006315048
0.006309233 0.006303423 0.006297619 0.00629182 0.006286027
0.006280239 0.006274456 0.006268679 0.006262906 0.00625714
0.006251378 0.006245622 0.006239871 0.006234125 0.006228385
0.00622265 0.00621692 0.006211195 0.006205476 0.006199762
0.006194054 0.00618835 0.006182652 0.006176959 0.006171271
0.006165589 0.006159912 0.00615424 0.006148573 0.006142911
0.006137255 0.006131604 0.006125958 0.006120317 0.006114681
0.006109051 0.006103426 0.006097806 0.006092191 0.006086581
0.006080977 0.006075378 0.006069783 0.006064194 0.006058611
0.006053032 0.006047458 0.00604189 0.006036326 0.006030768
0.006025215 0.006019667 0.006014124 0.006008586 0.006003054
0.005997526 0.005992004 0.005986486 0.005980974 0.005975467
0.005969965 0.005964468 0.005958975 0.005953488 0.005948007
0.00594253 0.005937058 0.005931591 0.005926129 0.005920672
0.005915221 0.005909774 0.005904332 0.005898896 0.005893464
0.005888037 0.005882616 0.005877199 0.005871787 0.005866381
0.005860979 0.005855582 0.00585019 0.005844804 0.005839422
0.005834045 0.005828673 0.005823306 0.005817944 0.005812587
0.005807234 0.005801887 0.005796545 0.005791207 0.005785875
0.005780547 0.005775225 0.005769907 0.005764594 0.005759286
0.005753983 0.005748685 0.005743391 0.005738103 0.005732819
0.00572754 0.005722266 0.005716997 0.005711733 0.005706474
0.005701219 0.00569597 0.005690725 0.005685485 0.00568025
0.005675019 0.005669794 0.005664573 0.005659357 0.005654146
0.00564894 0.005643738 0.005638542 0.00563335 0.005628163
0.00562298 0.005617803 0.00561263 0.005607462 0.005602298
0.00559714 0.005591986 0.005586837 0.005581693 0.005576553
0.005571418 0.005566288 0.005561163 0.005556042 0.005550926
0.005545815 0.005540708 0.005535606 0.005530509 0.005525417
0.005520329 0.005515246 0.005510167 0.005505094 0.005500025
0.00549496 0.005489901 0.005484845 0.005479795 0.005474749
0.005469708 0.005464672 0.00545964 0.005454613 0.00544959
0.005444572 0.005439559 0.00543455 0.005429546 0.005424546
0.005419552 0.005414561 0.005409576 0.005404595 0.005399618
0.005394646 0.005389679 0.005384716 0.005379758 0.005374804
0.005369855 0.00536491 0.00535997 0.005355035 0.005350104
0.005345178 0.005340256 0.005335339 0.005330426 0.005325518
0.005320614 0.005315715 0.00531082 0.00530593 0.005301044
0.005296163 0.005291286 0.005286414 0.005281547 0.005276683
0.005271825 0.00526697 0.005262121 0.005257275 0.005252434
0.005247598 0.005242766 0.005237939 0.005233115 0.005228297
0.005223483 0.005218673 0.005213868 0.005209067 0.00520427
0.005199478 0.00519469 0.005189907 0.005185128 0.005180354
0.005175584 0.005170818 0.005166057 0.0051613 0.005156548
0.0051518 0.005147056 0.005142316 0.005137581 0.005132851
0.005128124 0.005123402 0.005118685 0.005113972 0.005109263
0.005104558 0.005099858 0.005095162 0.00509047 0.005085783
0.0050811 0.005076421 0.005071747 0.005067077 0.005062411
0.00505775 0.005053093 0.00504844 0.005043791 0.005039147
0.005034507 0.005029871 0.00502524 0.005020613 0.00501599
0.005011371 0.005006757 0.005002146 0.00499754 0.004992939
0.004988341 0.004983748 0.004979159 0.004974574 0.004969994
0.004965417 0.004960845 0.004956277 0.004951714 0.004947154
0.004942599 0.004938048 0.004933501 0.004928958 0.004924419
0.004919885 0.004915355 0.004910829 0.004906307 0.004901789
0.004897276 0.004892766 0.004888261 0.00488376 0.004879263
0.00487477 0.004870282 0.004865797 0.004861317 0.00485684
0.004852368 0.0048479 0.004843436 0.004838977 0.004834521
0.004830069 0.004825622 0.004821178 0.004816739 0.004812304
0.004807873 0.004803446 0.004799023 0.004794604 0.004790189
0.004785778 0.004781371 0.004776969 0.00477257 0.004768176
0.004763785 0.004759399 0.004755016 0.004750638 0.004746263
0.004741893 0.004737527 0.004733164 0.004728806 0.004724452
0.004720102 0.004715755 0.004711413 0.004707075 0.004702741
0.00469841 0.004694084 0.004689762 0.004685444 0.004681129
0.004676819 0.004672513 0.00466821 0.004663912 0.004659617
0.004655327 0.00465104 0.004646757 0.004642479 0.004638204
0.004633933 0.004629666 0.004625403 0.004621144 0.004616889
0.004612638 0.004608391 0.004604147 0.004599908 0.004595672
0.00459144 0.004587213 0.004582989 0.004578769 0.004574553
0.00457034 0.004566132 0.004561928 0.004557727 0.00455353
0.004549337 0.004545148 0.004540963 0.004536782 0.004532605
0.004528431 0.004524261 0.004520095 0.004515933 0.004511775
0.004507621 0.00450347 0.004499323 0.00449518 0.004491041
0.004486906 0.004482774 0.004478647 0.004474523 0.004470403
0.004466286 0.004462174 0.004458065 0.00445396 0.004449859
0.004445761 0.004441668 0.004437578 0.004433492 0.004429409
0.004425331 0.004421256 0.004417185 0.004413118 0.004409054
0.004404994 0.004400938 0.004396886 0.004392837 0.004388792
0.004384751 0.004380714 0.00437668 0.00437265 0.004368624
0.004364601 0.004360582 0.004356567 0.004352555 0.004348548
0.004344544 0.004340543 0.004336546 0.004332553 0.004328564
0.004324578 0.004320596 0.004316618 0.004312643 0.004308672
0.004304705 0.004300741 0.004296781 0.004292824 0.004288871
0.004284922 0.004280977 0.004277035 0.004273097 0.004269162
0.004265231 0.004261304 0.00425738 0.00425346 0.004249543
0.00424563 0.004241721 0.004237815 0.004233913 0.004230014
0.004226119 0.004222228 0.00421834 0.004214456 0.004210575
0.004206698 0.004202825 0.004198955 0.004195088 0.004191226
0.004187366 0.004183511 0.004179658 0.00417581 0.004171965
0.004168123 0.004164285 0.004160451 0.00415662 0.004152792
0.004148969 0.004145148 0.004141331 0.004137518 0.004133708
0.004129902 0.004126099 0.0041223 0.004118504 0.004114712
0.004110923 0.004107138 0.004103356 0.004099578 0.004095803
0.004092031 0.004088263 0.004084499 0.004080738 0.00407698
0.004073226 0.004069476 0.004065729 0.004061985 0.004058245
0.004054508 0.004050775 0.004047045 0.004043318 0.004039595
0.004035875 0.004032159 0.004028446 0.004024737 0.004021031
0.004017329 0.004013629 0.004009934 0.004006241 0.004002552
0.003998867 0.003995185 0.003991506 0.003987831 0.003984159
0.00398049 0.003976825 0.003973163 0.003969505 0.00396585
0.003962198 0.003958549 0.003954904 0.003951263 0.003947624
0.00394399 0.003940358 0.00393673 0.003933105 0.003929483
0.003925865 0.00392225 0.003918638 0.00391503 0.003911425
0.003907824 0.003904225 0.00390063 0.003897039 0.00389345
0.003889865 0.003886283 0.003882705 0.00387913 0.003875558
0.003871989 0.003868424 0.003864862 0.003861303 0.003857748
0.003854196 0.003850647 0.003847101 0.003843559 0.00384002
0.003836484 0.003832951 0.003829422 0.003825896 0.003822373
0.003818853 0.003815337 0.003811824 0.003808314 0.003804807
0.003801304 0.003797803 0.003794306 0.003790813 0.003787322
0.003783835 0.003780351 0.00377687 0.003773392 0.003769917
0.003766446 0.003762978 0.003759513 0.003756051 0.003752593
0.003749137 0.003745685 0.003742236 0.00373879 0.003735348
0.003731908 0.003728472 0.003725039 0.003721609 0.003718182
0.003714758 0.003711338 0.00370792 0.003704506 0.003701095
0.003697687 0.003694282 0.003690881 0.003687482 0.003684087
0.003680694 0.003677305 0.003673919 0.003670536 0.003667156
0.00366378 0.003660406 0.003657036 0.003653668 0.003650304
0.003646943 0.003643585 0.00364023 0.003636878 0.003633529
0.003630183 0.003626841 0.003623501 0.003620165 0.003616831
0.003613501 0.003610173 0.003606849 0.003603528 0.00360021
0.003596895 0.003593583 0.003590274 0.003586968 0.003583665
0.003580365 0.003577069 0.003573775 0.003570484 0.003567196
0.003563912 0.00356063 0.003557352 0.003554076 0.003550803
0.003547534 0.003544267 0.003541004 0.003537743 0.003534486
0.003531231 0.00352798 0.003524731 0.003521486 0.003518243
0.003515003 0.003511767 0.003508533 0.003505303 0.003502075
0.00349885 0.003495628 0.00349241 0.003489194 0.003485981
0.003482771 0.003479564 0.00347636 0.003473159 0.003469961
0.003466766 0.003463574 0.003460385 0.003457198 0.003454015
0.003450835 0.003447657 0.003444483 0.003441311 0.003438142
0.003434976 0.003431813 0.003428653 0.003425496 0.003422342
0.003419191 0.003416043 0.003412897 0.003409754 0.003406615
0.003403478 0.003400344 0.003397213 0.003394085 0.00339096
0.003387837 0.003384718 0.003381601 0.003378487 0.003375377
0.003372269 0.003369163 0.003366061 0.003362962 0.003359865
0.003356771 0.00335368 0.003350592 0.003347507 0.003344425
0.003341345 0.003338269 0.003335195 0.003332124 0.003329055
0.00332599 0.003322928 0.003319868 0.003316811 0.003313757
0.003310705 0.003307657 0.003304611 0.003301568 0.003298528
0.003295491 0.003292457 0.003289425 0.003286396 0.00328337
0.003280347 0.003277326 0.003274308 0.003271293 0.003268281
0.003265272 0.003262265 0.003259261 0.00325626 0.003253262
0.003250266 0.003247273 0.003244283 0.003241296 0.003238312
0.00323533 0.003232351 0.003229374 0.003226401 0.00322343
0.003220462 0.003217496 0.003214534 0.003211574 0.003208617
0.003205662 0.00320271 0.003199761 0.003196815 0.003193871
0.003190931 0.003187992 0.003185057 0.003182124 0.003179194
0.003176267 0.003173342 0.00317042 0.003167501 0.003164584
0.00316167 0.003158759 0.00315585 0.003152944 0.003150041
0.003147141 0.003144243 0.003141348 0.003138455 0.003135565
0.003132678 0.003129793 0.003126911 0.003124032 0.003121156
0.003118282 0.00311541 0.003112542 0.003109676 0.003106812
0.003103952 0.003101094 0.003098238 0.003095385 0.003092535
0.003089687 0.003086842 0.003084 0.00308116 0.003078323
0.003075489 0.003072657 0.003069828 0.003067001 0.003064177
0.003061355 0.003058536 0.00305572 0.003052907 0.003050095
0.003047287 0.003044481 0.003041678 0.003038877 0.003036079
0.003033283 0.00303049 0.0030277 0.003024912 0.003022126
0.003019344 0.003016563 0.003013786 0.003011011 0.003008238
0.003005468 0.003002701 0.002999936 0.002997174 0.002994414
0.002991657 0.002988902 0.00298615 0.0029834 0.002980653
0.002977908 0.002975166 0.002972427 0.00296969 0.002966955
0.002964223 0.002961494 0.002958767 0.002956043 0.002953321
0.002950601 0.002947885 0.00294517 0.002942458 0.002939749
0.002937042 0.002934338 0.002931636 0.002928936 0.002926239
0.002923545 0.002920853 0.002918163 0.002915476 0.002912792
0.00291011 0.00290743 0.002904753 0.002902078 0.002899406
0.002896736 0.002894069 0.002891404 0.002888742 0.002886082
0.002883424 0.002880769 0.002878117 0.002875466 0.002872819
0.002870173 0.002867531 0.00286489 0.002862252 0.002859617
0.002856984 0.002854353 0.002851725 0.002849099 0.002846475
0.002843854 0.002841236 0.00283862 0.002836006 0.002833394
0.002830785 0.002828179 0.002825575 0.002822973 0.002820373
0.002817777 0.002815182 0.00281259 0.00281 0.002807412
0.002804827 0.002802245 0.002799664 0.002797087 0.002794511
0.002791938 0.002789367 0.002786799 0.002784233 0.002781669
0.002779107 0.002776549 0.002773992 0.002771438 0.002768886
0.002766336 0.002763789 0.002761244 0.002758701 0.002756161
0.002753623 0.002751088 0.002748555 0.002746024 0.002743495
0.002740969 0.002738445 0.002735924 0.002733404 0.002730888
0.002728373 0.002725861 0.002723351 0.002720843 0.002718338
0.002715835 0.002713334 0.002710836 0.00270834 0.002705846
0.002703354 0.002700865 0.002698378 0.002695893 0.002693411
0.002690931 0.002688453 0.002685978 0.002683504 0.002681033
0.002678565 0.002676098 0.002673634 0.002671172 0.002668713
0.002666255 0.0026638 0.002661347 0.002658897 0.002656449
0.002654003 0.002651559 0.002649117 0.002646678 0.002644241
0.002641806 0.002639374 0.002636943 0.002634515 0.002632089
0.002629666 0.002627244 0.002624825 0.002622408 0.002619994
0.002617581 0.002615171 0.002612763 0.002610357 0.002607953
0.002605552 0.002603153 0.002600756 0.002598361 0.002595969
0.002593578 0.00259119 0.002588804 0.00258642 0.002584039
0.002581659 0.002579282 0.002576907 0.002574534 0.002572164
0.002569795 0.002567429 0.002565065 0.002562703 0.002560343
0.002557986 0.002555631 0.002553277 0.002550926 0.002548577
0.002546231 0.002543886 0.002541544 0.002539203 0.002536865
0.002534529 0.002532196 0.002529864 0.002527535 0.002525207
0.002522882 0.002520559 0.002518238 0.002515919 0.002513603
0.002511288 0.002508976 0.002506665 0.002504357 0.002502051
0.002499747 0.002497446 0.002495146 0.002492849 0.002490553
0.00248826 0.002485969 0.00248368 0.002481393 0.002479108
0.002476825 0.002474544 0.002472266 0.002469989 0.002467715
0.002465443 0.002463173 0.002460905 0.002458639 0.002456375
0.002454113 0.002451853 0.002449596 0.00244734 0.002445086
0.002442835 0.002440586 0.002438338 0.002436093 0.00243385
0.002431609 0.00242937 0.002427133 0.002424898 0.002422665
0.002420435 0.002418206 0.002415979 0.002413755 0.002411532
0.002409311 0.002407093 0.002404877 0.002402662 0.00240045
0.002398239 0.002396031 0.002393825 0.002391621 0.002389418
0.002387218 0.00238502 0.002382824 0.00238063 0.002378438
0.002376248 0.00237406 0.002371874 0.00236969 0.002367508
0.002365328 0.00236315 0.002360974 0.0023588 0.002356628
0.002354458 0.00235229 0.002350124 0.00234796 0.002345798
0.002343638 0.00234148 0.002339324 0.00233717 0.002335018
0.002332868 0.00233072 0.002328574 0.00232643 0.002324287
0.002322147 0.002320009 0.002317873 0.002315738 0.002313606
0.002311476 0.002309347 0.002307221 0.002305096 0.002302974
0.002300853 0.002298735 0.002296618 0.002294503 0.002292391
0.00229028 0.002288171 0.002286064 0.002283959 0.002281856
0.002279755 0.002277656 0.002275558 0.002273463 0.00227137
0.002269278 0.002267189 0.002265101 0.002263015 0.002260932
0.00225885 0.00225677 0.002254692 0.002252616 0.002250541
0.002248469 0.002246399 0.00224433 0.002242264 0.002240199
0.002238136 0.002236075 0.002234017 0.002231959 0.002229904
0.002227851 0.0022258 0.00222375 0.002221702 0.002219657
0.002217613 0.002215571 0.002213531 0.002211493 0.002209456
0.002207422 0.002205389 0.002203359 0.00220133 0.002199303
0.002197278 0.002195254 0.002193233 0.002191214 0.002189196
0.00218718 0.002185166 0.002183154 0.002181144 0.002179135
0.002177129 0.002175124 0.002173121 0.00217112 0.002169121
0.002167124 0.002165128 0.002163135 0.002161143 0.002159153
0.002157165 0.002155179 0.002153194 0.002151211 0.002149231
0.002147252 0.002145274 0.002143299 0.002141326 0.002139354
0.002137384 0.002135416 0.00213345 0.002131485 0.002129522
0.002127562 0.002125603 0.002123645 0.00212169 0.002119736
0.002117784 0.002115834 0.002113886 0.00211194 0.002109995
0.002108052 0.002106111 0.002104172 0.002102234 0.002100298
0.002098365 0.002096432 0.002094502 0.002092573 0.002090647
0.002088722 0.002086798 0.002084877 0.002082957 0.002081039
0.002079123 0.002077208 0.002075296 0.002073385 0.002071476
0.002069568 0.002067663 0.002065759 0.002063857 0.002061956
0.002060057 0.002058161 0.002056265 0.002054372 0.00205248
0.00205059 0.002048702 0.002046816 0.002044931 0.002043048
0.002041167 0.002039288 0.00203741 0.002035534 0.002033659
0.002031787 0.002029916 0.002028047 0.002026179 0.002024314
0.00202245 0.002020587 0.002018727 0.002016868 0.002015011
0.002013156 0.002011302 0.00200945 0.0020076 0.002005751
0.002003904 0.002002059 0.002000215 0.001998374 0.001996534
0.001994695 0.001992858 0.001991023 0.00198919 0.001987359
0.001985529 0.0019837 0.001981874 0.001980049 0.001978226
0.001976404 0.001974584 0.001972766 0.00197095 0.001969135
0.001967322 0.00196551 0.0019637 0.001961892 0.001960086
0.001958281 0.001956478 0.001954676 0.001952876 0.001951078
0.001949281 0.001947487 0.001945693 0.001943902 0.001942112
0.001940323 0.001938537 0.001936752 0.001934968 0.001933187
0.001931407 0.001929628 0.001927852 0.001926076 0.001924303
0.001922531 0.001920761 0.001918992 0.001917225 0.00191546
0.001913696 0.001911934 0.001910173 0.001908414 0.001906657
0.001904902 0.001903148 0.001901395 0.001899644 0.001897895
0.001896148 0.001894402 0.001892657 0.001890915 0.001889173
0.001887434 0.001885696 0.00188396 0.001882225 0.001880492
0.00187876 0.00187703 0.001875302 0.001873575 0.00187185
0.001870126 0.001868404 0.001866684 0.001864965 0.001863248
0.001861532 0.001859818 0.001858106 0.001856395 0.001854685
0.001852977 0.001851271 0.001849567 0.001847864 0.001846162
0.001844462 0.001842764 0.001841067 0.001839372 0.001837678
0.001835986 0.001834295 0.001832606 0.001830919 0.001829233
0.001827549 0.001825866 0.001824185 0.001822505 0.001820827
0.00181915 0.001817475 0.001815802 0.00181413 0.001812459
0.00181079 0.001809123 0.001807457 0.001805793 0.00180413
0.001802469 0.001800809 0.001799151 0.001797494 0.001795839
0.001794185 0.001792533 0.001790883 0.001789234 0.001787586
0.00178594 0.001784296 0.001782653 0.001781011 0.001779371
0.001777733 0.001776096 0.001774461 0.001772827 0.001771194
0.001769563 0.001767934 0.001766306 0.00176468 0.001763055
0.001761431 0.001759809 0.001758189 0.00175657 0.001754953
0.001753337 0.001751722 0.001750109 0.001748498 0.001746888
0.001745279 0.001743672 0.001742067 0.001740463 0.00173886
0.001737259 0.001735659 0.001734061 0.001732464 0.001730869
0.001729275 0.001727683 0.001726092 0.001724503 0.001722915
0.001721328 0.001719743 0.00171816 0.001716578 0.001714997
0.001713418 0.00171184 0.001710264 0.001708689 0.001707116
0.001705544 0.001703974 0.001702405 0.001700837 0.001699271
0.001697706 0.001696143 0.001694581 0.001693021 0.001691462
0.001689904 0.001688348 0.001686794 0.001685241 0.001683689
0.001682138 0.00168059 0.001679042 0.001677496 0.001675951
0.001674408 0.001672866 0.001671326 0.001669787 0.00166825
0.001666713 0.001665179 0.001663645 0.001662114 0.001660583
0.001659054 0.001657526 0.001656 0.001654475 0.001652952
0.00165143 0.001649909 0.00164839 0.001646872 0.001645356
0.001643841 0.001642327 0.001640815 0.001639304 0.001637795
0.001636286 0.00163478 0.001633274 0.001631771 0.001630268
0.001628767 0.001627267 0.001625769 0.001624272 0.001622776
0.001621282 0.001619789 0.001618298 0.001616807 0.001615319
0.001613831 0.001612345 0.001610861 0.001609377 0.001607895
0.001606415 0.001604936 0.001603458 0.001601981 0.001600506
0.001599033 0.00159756 0.001596089 0.00159462 0.001593151
0.001591684 0.001590219 0.001588754 0.001587292 0.00158583
0.00158437 0.001582911 0.001581453 0.001579997 0.001578542
0.001577089 0.001575637 0.001574186 0.001572736 0.001571288
0.001569841 0.001568396 0.001566952 0.001565509 0.001564067
0.001562627 0.001561188 0.001559751 0.001558314 0.00155688
0.001555446 0.001554014 0.001552583 0.001551153 0.001549725
0.001548298 0.001546872 0.001545448 0.001544025 0.001542603
0.001541183 0.001539764 0.001538346 0.001536929 0.001535514
0.0015341 0.001532688 0.001531276 0.001529866 0.001528458
0.00152705 0.001525644 0.001524239 0.001522836 0.001521434
0.001520033 0.001518633 0.001517235 0.001515838 0.001514442
0.001513047 0.001511654 0.001510262 0.001508872 0.001507482
0.001506094 0.001504707 0.001503322 0.001501938 0.001500555
0.001499173 0.001497793 0.001496413 0.001495035 0.001493659
0.001492283 0.001490909 0.001489537 0.001488165 0.001486795
0.001485426 0.001484058 0.001482691 0.001481326 0.001479962
0.001478599 0.001477238 0.001475878 0.001474519 0.001473161
0.001471805 0.001470449 0.001469095 0.001467743 0.001466391
0.001465041 0.001463692 0.001462344 0.001460998 0.001459652
0.001458308 0.001456965 0.001455624 0.001454284 0.001452944
0.001451607 0.00145027 0.001448935 0.0014476 0.001446267
0.001444936 0.001443605 0.001442276 0.001440948 0.001439621
0.001438296 0.001436971 0.001435648 0.001434326 0.001433005
0.001431686 0.001430368 0.00142905 0.001427735 0.00142642
0.001425107 0.001423794 0.001422483 0.001421173 0.001419865
0.001418557 0.001417251 0.001415946 0.001414642 0.00141334
0.001412038 0.001410738 0.001409439 0.001408141 0.001406845
0.001405549 0.001404255 0.001402962 0.00140167 0.00140038
0.00139909 0.001397802 0.001396515 0.001395229 0.001393944
0.001392661 0.001391378 0.001390097 0.001388817 0.001387538
0.001386261 0.001384984 0.001383709 0.001382435 0.001381162
0.00137989 0.00137862 0.00137735 0.001376082 0.001374815
0.001373549 0.001372284 0.001371021 0.001369758 0.001368497
0.001367237 0.001365978 0.00136472 0.001363463 0.001362208
0.001360954 0.0013597 0.001358448 0.001357198 0.001355948
0.001354699 0.001353452 0.001352206 0.001350961 0.001349717
0.001348474 0.001347232 0.001345992 0.001344752 0.001343514
0.001342277 0.001341041 0.001339806 0.001338572 0.00133734
0.001336109 0.001334878 0.001333649 0.001332421 0.001331194
0.001329968 0.001328744 0.00132752 0.001326298 0.001325077
0.001323857 0.001322638 0.00132142 0.001320203 0.001318987
0.001317773 0.001316559 0.001315347 0.001314136 0.001312926
0.001311717 0.001310509 0.001309302 0.001308097 0.001306892
0.001305689 0.001304487 0.001303286 0.001302085 0.001300887
0.001299689 0.001298492 0.001297296 0.001296102 0.001294908
0.001293716 0.001292525 0.001291335 0.001290145 0.001288958
0.001287771 0.001286585 0.0012854 0.001284217 0.001283034
0.001281853 0.001280672 0.001279493 0.001278315 0.001277138
0.001275962 0.001274787 0.001273613 0.001272441 0.001271269
0.001270098 0.001268929 0.00126776 0.001266593 0.001265427
0.001264262 0.001263097 0.001261934 0.001260772 0.001259611
0.001258452 0.001257293 0.001256135 0.001254979 0.001253823
0.001252668 0.001251515 0.001250363 0.001249211 0.001248061
0.001246912 0.001245764 0.001244617 0.001243471 0.001242326
0.001241182 0.001240039 0.001238897 0.001237756 0.001236616
0.001235478 0.00123434 0.001233204 0.001232068 0.001230934
0.0012298 0.001228668 0.001227536 0.001226406 0.001225277
0.001224149 0.001223021 0.001221895 0.00122077 0.001219646
0.001218523 0.001217401 0.00121628 0.00121516 0.001214041
0.001212923 0.001211806 0.001210691 0.001209576 0.001208462
0.001207349 0.001206238 0.001205127 0.001204017 0.001202909
0.001201801 0.001200694 0.001199589 0.001198484 0.001197381
0.001196278 0.001195177 0.001194076 0.001192977 0.001191878
0.001190781 0.001189684 0.001188589 0.001187494 0.001186401
0.001185308 0.001184217 0.001183126 0.001182037 0.001180949
0.001179861 0.001178775 0.001177689 0.001176605 0.001175522
0.001174439 0.001173358 0.001172277 0.001171198 0.001170119
0.001169042 0.001167966 0.00116689 0.001165816 0.001164742
0.00116367 0.001162598 0.001161528 0.001160458 0.00115939
0.001158322 0.001157255 0.00115619 0.001155125 0.001154062
0.001152999 0.001151937 0.001150877 0.001149817 0.001148758
0.0011477 0.001146644 0.001145588 0.001144533 0.001143479
0.001142426 0.001141374 0.001140323 0.001139273 0.001138224
0.001137176 0.001136129 0.001135083 0.001134038 0.001132993
0.00113195 0.001130908 0.001129867 0.001128826 0.001127787
0.001126748 0.001125711 0.001124674 0.001123639 0.001122604
0.00112157 0.001120538 0.001119506 0.001118475 0.001117445
0.001116416 0.001115388 0.001114361 0.001113335 0.00111231
0.001111286 0.001110262 0.00110924 0.001108219 0.001107198
0.001106179 0.00110516 0.001104143 0.001103126 0.00110211
0.001101095 0.001100081 0.001099069 0.001098057 0.001097045
0.001096035 0.001095026 0.001094018 0.00109301 0.001092004
0.001090998 0.001089994 0.00108899 0.001087987 0.001086986
0.001085985 0.001084985 0.001083986 0.001082988 0.00108199
0.001080994 0.001079999 0.001079004 0.001078011 0.001077018
0.001076026 0.001075036 0.001074046 0.001073057 0.001072069
0.001071082 0.001070095 0.00106911 0.001068126 0.001067142
0.001066159 0.001065178 0.001064197 0.001063217 0.001062238
0.00106126 0.001060283 0.001059306 0.001058331 0.001057356
0.001056383 0.00105541 0.001054438 0.001053467 0.001052497
0.001051528 0.00105056 0.001049593 0.001048626 0.001047661
0.001046696 0.001045732 0.001044769 0.001043807 0.001042846
0.001041886 0.001040926 0.001039968 0.00103901 0.001038054
0.001037098 0.001036143 0.001035189 0.001034236 0.001033283
0.001032332 0.001031381 0.001030432 0.001029483 0.001028535
0.001027588 0.001026642 0.001025696 0.001024752 0.001023808
0.001022865 0.001021924 0.001020983 0.001020043 0.001019103
0.001018165 0.001017227 0.001016291 0.001015355 0.00101442
0.001013486 0.001012553 0.00101162 0.001010689 0.001009758
0.001008828 0.0010079 0.001006971 0.001006044 0.001005118
0.001004192 0.001003268 0.001002344 0.001001421 0.001000499
0.0009995776 0.0009986572 0.0009977377 0.000996819 0.0009959011
0.0009949841 0.0009940679 0.0009931526 0.0009922381 0.0009913244
0.0009904116 0.0009894997 0.0009885885 0.0009876782 0.0009867688
0.0009858602 0.0009849524 0.0009840455 0.0009831394 0.0009822341
0.0009813297 0.0009804261 0.0009795233 0.0009786213 0.0009777202
0.00097682 0.0009759205 0.0009750219 0.0009741241 0.0009732271
0.000972331 0.0009714357 0.0009705412 0.0009696475 0.0009687547
0.0009678626 0.0009669714 0.0009660811 0.0009651915 0.0009643028
0.0009634148 0.0009625277 0.0009616414 0.000960756 0.0009598713
0.0009589875 0.0009581044 0.0009572222 0.0009563408 0.0009554602
0.0009545804 0.0009537015 0.0009528233 0.0009519459 0.0009510694
0.0009501937 0.0009493187 0.0009484446 0.0009475713 0.0009466988
0.000945827 0.0009449561 0.000944086 0.0009432167 0.0009423482
0.0009414805 0.0009406136 0.0009397475 0.0009388822 0.0009380176
0.0009371539 0.000936291 0.0009354289 0.0009345675 0.000933707
0.0009328472 0.0009319883 0.0009311301 0.0009302727 0.0009294161
0.0009285603 0.0009277053 0.0009268511 0.0009259977 0.000925145
0.0009242931 0.000923442 0.0009225917 0.0009217422 0.0009208935
0.0009200455 0.0009191984 0.000918352 0.0009175064 0.0009166615
0.0009158175 0.0009149742 0.0009141317 0.00091329 0.000912449
0.0009116088 0.0009107694 0.0009099308 0.0009090929 0.0009082559
0.0009074195 0.000906584 0.0009057492 0.0009049152 0.000904082
0.0009032495 0.0009024178 0.0009015868 0.0009007567 0.0008999273
0.0008990986 0.0008982707 0.0008974436 0.0008966172 0.0008957916
0.0008949668 0.0008941427 0.0008933194 0.0008924968 0.000891675
0.000890854 0.0008900337 0.0008892141 0.0008883954 0.0008875773
0.0008867601 0.0008859435 0.0008851278 0.0008843127 0.0008834985
0.000882685 0.0008818722 0.0008810602 0.0008802489 0.0008794384
0.0008786286 0.0008778195 0.0008770112 0.0008762037 0.0008753969
0.0008745908 0.0008737855 0.0008729809 0.0008721771 0.000871374
0.0008705717 0.00086977 0.0008689692 0.000868169 0.0008673696
0.0008665709 0.000865773 0.0008649758 0.0008641793 0.0008633836
0.0008625886 0.0008617944 0.0008610008 0.000860208 0.0008594159
0.0008586246 0.000857834 0.0008570441 0.0008562549 0.0008554665
0.0008546788 0.0008538918 0.0008531055 0.00085232 0.0008515352
0.0008507511 0.0008499677 0.0008491851 0.0008484032 0.000847622
0.0008468415 0.0008460617 0.0008452827 0.0008445043 0.0008437267
0.0008429498 0.0008421736 0.0008413982 0.0008406234 0.0008398494
0.000839076 0.0008383034 0.0008375315 0.0008367603 0.0008359898
0.0008352201 0.000834451 0.0008336826 0.000832915 0.0008321481
0.0008313818 0.0008306163 0.0008298515 0.0008290873 0.0008283239
0.0008275612 0.0008267992 0.0008260379 0.0008252773 0.0008245174
0.0008237581 0.0008229996 0.0008222418 0.0008214847 0.0008207283
0.0008199726 0.0008192175 0.0008184632 0.0008177096 0.0008169566
0.0008162044 0.0008154528 0.000814702 0.0008139518 0.0008132023
0.0008124535 0.0008117054 0.000810958 0.0008102113 0.0008094652
0.0008087199 0.0008079752 0.0008072312 0.0008064879 0.0008057453
0.0008050034 0.0008042622 0.0008035216 0.0008027817 0.0008020425
0.000801304 0.0008005662 0.000799829 0.0007990926 0.0007983568
0.0007976216 0.0007968872 0.0007961534 0.0007954203 0.0007946879
0.0007939562 0.0007932251 0.0007924947 0.000791765 0.0007910359
0.0007903075 0.0007895798 0.0007888528 0.0007881264 0.0007874007
0.0007866757 0.0007859513 0.0007852276 0.0007845046 0.0007837822
0.0007830605 0.0007823395 0.0007816191 0.0007808994 0.0007801803
0.000779462 0.0007787442 0.0007780272 0.0007773108 0.000776595
0.0007758799 0.0007751655 0.0007744517 0.0007737386 0.0007730262
0.0007723144 0.0007716032 0.0007708928 0.0007701829 0.0007694737
0.0007687652 0.0007680573 0.0007673501 0.0007666435 0.0007659376
0.0007652324 0.0007645277 0.0007638238 0.0007631204 0.0007624178
0.0007617157 0.0007610143 0.0007603136 0.0007596135 0.0007589141
0.0007582153 0.0007575171 0.0007568196 0.0007561227 0.0007554265
0.0007547309 0.0007540359 0.0007533416 0.0007526479 0.0007519549
0.0007512625 0.0007505708 0.0007498796 0.0007491892 0.0007484993
0.0007478101 0.0007471215 0.0007464336 0.0007457463 0.0007450596
0.0007443735 0.0007436881 0.0007430033 0.0007423192 0.0007416357
0.0007409528 0.0007402705 0.0007395889 0.0007389079 0.0007382275
0.0007375477 0.0007368686 0.0007361901 0.0007355122 0.0007348349
0.0007341583 0.0007334823 0.0007328069 0.0007321322 0.000731458
0.0007307845 0.0007301116 0.0007294393 0.0007287676 0.0007280966
0.0007274262 0.0007267564 0.0007260872 0.0007254186 0.0007247506
0.0007240833 0.0007234166 0.0007227504 0.0007220849 0.00072142
0.0007207558 0.0007200921 0.000719429 0.0007187666 0.0007181048
0.0007174435 0.0007167829 0.0007161229 0.0007154635 0.0007148047
0.0007141465 0.0007134889 0.000712832 0.0007121756 0.0007115198
0.0007108647 0.0007102101 0.0007095561 0.0007089028 0.00070825
0.0007075979 0.0007069463 0.0007062954 0.000705645 0.0007049953
0.0007043461 0.0007036976 0.0007030496 0.0007024022 0.0007017555
