var_id,inMean,outMean,result
3L_15079399_SNP,0.470588235294118,1.65366430260047,-1.18307606730636
3L_4391749_SNP,0,1.15651192778852,-1.15651192778852
3L_16201577_SNP,1.52941176470588,0.406914893617021,1.12249687108886
3L_16013749_SNP,0.311915535444947,1.39214402618658,-1.08022849074163
3L_16013642_SNP,0.352941176470588,1.42198581560284,-1.06904463913225
3L_7565539_SNP,0.434389140271493,1.47054009819967,-1.03615095792818
3L_13443650_SNP,1.5678146906431,0.570113548671591,0.997701141971506
2R_8993017_SNP,0.235294117647059,1.23131478450627,-0.996020666859215
2R_20685364_SNP,0.235294117647059,1.23131478450627,-0.996020666859215
2R_20680092_SNP,0.470588235294118,1.46463183691656,-0.994043601622447
2R_15732134_SNP,1.76470588235294,0.771830673758865,0.992875208594076
2R_16915826_SNP,1.64705882352941,0.66331958315241,0.983739240377002
3L_15077955_SNP,1.19411764705882,0.219148936170213,0.974968710888611
3L_13443659_INS,1.52941176470588,0.555100927441353,0.974310837264529
2R_19333241_SNP,0.705882352941177,1.67865925371539,-0.972776900774209
2R_12633477_SNP,1.76470588235294,0.798153776877181,0.96655210547576
2R_15778870_SNP,1.88235294117647,0.920212765957447,0.962140175219024
X_16939302_SNP,0.117647058823529,1.07978723404255,-0.962140175219024
3L_18395930_SNP,1.41176470588235,0.459066853871908,0.952697852010445
2R_12465820_SNP,0.30453431372549,1.25598404255319,-0.951449728827701
3R_23516107_SNP,1.69565217391304,0.74745605920444,0.948196114708603
X_21874899_SNP,0.0539721043056398,0.995613073042334,-0.941640968736694
3L_13443666_INS,1.52941176470588,0.592399649045843,0.937012115660039
3L_18438528_SNP,1.61879723956622,0.682099132295257,0.93669810727096
2R_20685455_SNP,0.588235294117647,1.52491179300759,-0.936676498889944
2R_2703517_SNP,1.44636678200692,0.51063829787234,0.93572848413458
2R_8854005_SNP,1.29411764705882,0.360039893617021,0.934077753441802
3L_4984227_SNP,0.470588235294118,1.40404148401582,-0.933453248721706
2L_6588178_SNP,1.88235294117647,0.950005813277525,0.932347127898945
3L_14688231_SNP,1.69659442724458,0.764837625979843,0.931756801264739
2R_13530585_SNP,1.41176470588235,0.480683090705487,0.931081615176866
3L_1745036_SNP,0.117647058823529,1.04771589486859,-0.930068836045056
X_14155077_SNP,0.303214069132808,1.23162974336477,-0.928415674231965
3L_12786672_SNP,0.235294117647059,1.16230086603229,-0.92700674838523
3L_13443609_SNP,1.52941176470588,0.603191489361702,0.92622027534418
2R_20685167_DEL,0.178077788492446,1.10411580048831,-0.926038011995869
3L_4984203_SNP,0.352941176470588,1.27885569396979,-0.925914517499205
2R_12602980_SNP,1.64705882352941,0.721201375456695,0.925857448072717
2R_12717676_SNP,1.52941176470588,0.603876573465523,0.925535191240359
3L_5332968_SNP,0.117647058823529,1.04104114915218,-0.923394090328647
3R_11604779_SNP,1.94708994708995,1.02397838568051,0.923111561409434
3L_17395502_SNP,1.29411764705882,0.371398492907801,0.922719154151022
3R_15013532_SNP,0.181189053161372,1.10319717829105,-0.922008125129674
3R_16294839_SNP,1.57225063938619,0.651942645698427,0.920307993687762
2L_22244096_SNP,0.552696078431372,1.47207446808511,-0.919378389653734
3L_10642547_SNP,0.705882352941177,1.62137330754352,-0.915490954602344
2R_13472241_SNP,1.41176470588235,0.498883272599036,0.912881433283317
3L_15079365_SNP,0.552270649192319,1.46422665637747,-0.911956007185147
3L_9021868_SNP,1.35521611959701,0.443752204067239,0.911463915529771
2L_6782897_SNP,0.117647058823529,1.02840592625599,-0.910758867432458
2L_8044418_SNP,0.644607843137255,1.55463209219858,-0.910024249061326
3R_8569309_SNP,0.55213196389667,1.46166835528538,-0.909536391388707
X_16786595_SNP,0.470588235294118,1.37830431979368,-0.907716084499564
X_8086407_SNP,0.235294117647059,1.14110595096663,-0.905811833319568
3L_2673310_SNP,0.235294117647059,1.14038276488827,-0.905088647241212
3L_1744940_SNP,0.117647058823529,1.02070013625406,-0.903053077430532
3L_16201188_SNP,1.57330082291984,0.671315180244736,0.901985642675105
3L_13443662_INS,1.52941176470588,0.629450716456796,0.899961048249087
3L_2402794_SNP,1.64705882352941,0.747156098588582,0.89990272494083
3L_9398980_SNP,0.301320528211285,1.19669995657838,-0.895379428367092
3L_14687056_INS,1.41176470588235,0.517215740105239,0.894548965777114
3L_3613089_SNP,1.76470588235294,0.870576285683738,0.894129596669203
3L_6432495_SNP,1.32382650029709,0.431012250161186,0.892814250135902
X_16786570_SNP,0.470588235294118,1.36337617453289,-0.892787939238769
2L_8966755_SNP,1.82384397609311,0.931334622823985,0.892509353269126
3L_4189752_SNP,1.41176470588235,0.520117969243733,0.89164673663862
3L_16013652_SNP,0.801091570648878,1.6924764202676,-0.891384849618724
2R_15991034_SNP,1.57391039317281,0.682559805975085,0.891350587197728
3L_1912194_SNP,1.44897959183673,0.558836300477638,0.890143291359097
3L_13443485_SNP,1.52941176470588,0.642217245240762,0.887194519465121
2R_15565308_SNP,1.64705882352941,0.761625356437815,0.885433467091596
2L_15311169_SNP,1.44928457869634,0.564462334675101,0.884822244021243
3R_22372746_SNP,1.41176470588235,0.527725719325322,0.884038986557031
3L_13020993_SNP,1.52941176470588,0.645445478723404,0.883966285982478
3L_13443649_SNP,1.44933785032338,0.56544502617801,0.883892824145365
3L_2673321_SNP,0.235294117647059,1.11896533102927,-0.88367121338221
3L_4896056_SNP,0.235294117647059,1.11896533102927,-0.88367121338221
2R_16033669_SNP,1.88235294117647,0.998903268260583,0.883449672915887
3R_9574384_SNP,1.4493878769782,0.566367858300032,0.88302001867817
3L_14687045_SNP,1.29411764705882,0.411997050768907,0.882120596289917
3R_23520333_SNP,0.175495612609685,1.05648289643823,-0.880987283828543
2L_9838783_SNP,0.117647058823529,0.998585332729742,-0.880938273906213
3L_10935246_SNP,0.470588235294118,1.35139284930906,-0.880804614014942
X_11679885_SNP,0.425480036574215,1.30619556829457,-0.88071553172035
2R_13472439_SNP,1.29411764705882,0.414353601900853,0.87976404515797
X_12228691_SNP,0.705882352941177,1.58537101725415,-0.879488664312978
3L_4895940_SNP,0.172715894868586,1.05160706201901,-0.878891167150428
2R_7263870_SNP,0.235294117647059,1.11365610073817,-0.878361983091109
X_17731092_SNP,0.235294117647059,1.1132065334193,-0.87791241577224
3L_1446963_SNP,1.41176470588235,0.534190748385731,0.877573957496622
2L_6521867_SNP,1.62629757785467,0.750938673341677,0.875358904512994
2L_4157348_SNP,1.44986631016043,0.575193423597679,0.874672886562749
2R_7306715_SNP,0.117647058823529,0.992319945386278,-0.874672886562749
X_5115825_SNP,1.88235294117647,1.00832796045562,0.874024980720851
2L_6935681_SNP,1.44993742177722,0.576505205975555,0.873432215801667
2L_16424469_SNP,0.550062578222778,1.42349479402445,-0.873432215801667
2L_8283725_SNP,1.35995123437976,0.487211994267446,0.872739240112317
3L_13443631_SNP,1.4499850701702,0.577384166756669,0.872600903413531
2R_18972435_SNP,1.64705882352941,0.774587494572297,0.872471328957115
X_13082702_SNP,1.64705882352941,0.774587494572297,0.872471328957115
3R_14368845_SNP,0.0499507065395991,0.921431118507072,-0.871480411967473
2L_6448691_SNP,1.54304160688666,0.671639854696419,0.871401752190238
2R_14609965_SNP,1.41176470588235,0.540842510424463,0.87092219545789
2L_19158286_SNP,1.32511068943707,0.454701441317776,0.870409248119289
3L_4880296_SNP,0.352941176470588,1.22207446808511,-0.869133291614518
3L_7069831_SNP,0.117647058823529,0.986635304180477,-0.868988245356947
2R_1081478_SNP,0.299749687108886,1.16772295156179,-0.867973264452907
2R_13445513_SNP,0.235294117647059,1.10252930959618,-0.86723519194912
2R_18972461_SNP,1.64705882352941,0.78096986715628,0.866088956373131
2R_20700335_SNP,1.29411764705882,0.428191489361702,0.865926157697122
3L_17395504_SNP,1.29411764705882,0.428191489361702,0.865926157697122
3R_7633898_SNP,1.32540675844806,0.460162969669534,0.865243788778526
3R_15048848_SNP,1.70041787206686,0.835367980467387,0.865049891599472
2R_18972454_SNP,1.64705882352941,0.782583128407998,0.864475695121414
X_13082701_SNP,1.64705882352941,0.782583128407998,0.864475695121414
3L_13294238_SNP,0,0.863484177556972,-0.863484177556972
3R_11128005_DEL,1.29411764705882,0.430987452264048,0.863130194794776
3L_2554661_SNP,1.95056320400501,1.08804889090086,0.862514313104146
2R_7693525_SNP,1.52941176470588,0.666939443535188,0.862472321170694
2R_20673963_SNP,0.470588235294118,1.33306055646481,-0.862472321170694
2R_12586279_SNP,1.41176470588235,0.549552071668533,0.86221263421382
3R_10157800_SNP,1.20060331825038,0.338788870703764,0.861814447546613
3L_10154309_SNP,1.32560903149138,0.463894261766602,0.861714769724782
3L_4647814_SNP,1.64705882352941,0.785714285714286,0.861344537815126
3R_14135922_SNP,0.352941176470588,1.21428571428571,-0.861344537815126
3R_6009061_SNP,0.238617480890661,1.0996514004087,-0.861033919518042
3L_8243384_SNP,1.29411764705882,0.433698689017838,0.860418958040986
3L_13020973_SNP,1.52941176470588,0.669424743892829,0.859987020813053
2L_8283715_SNP,1.36151960784314,0.501606826241135,0.859912781602003
X_11679914_SNP,0.454689984101748,1.31454859114434,-0.859858607042587
3R_17769455_SNP,0.771789344009855,1.63150272919684,-0.859713385186981
3R_5709111_SNP,1.41176470588235,0.553135202071372,0.858629503810981
3L_14590624_SNP,1.52941176470588,0.671732522796353,0.85767924190953
3R_27522937_SNP,1.41176470588235,0.55455537370431,0.857209332178043
3L_8661460_SNP,0.588235294117647,1.44464577975216,-0.856410485634515
2R_7306695_SNP,1.64705882352941,0.790685830692621,0.856372992836791
2R_14691270_SNP,0,0.856355129776095,-0.856355129776095
2L_6936240_SNP,0.453964194373402,1.31012950971323,-0.856165315339827
3R_13582316_SNP,1.7620320855615,0.906310444874275,0.855721640687223
3L_9294030_SNP,1.82595512431777,0.970278569861812,0.855676554455957
3L_9021436_SNP,1.52941176470588,0.67395788102475,0.855453883681132
2L_16424533_SNP,0.549019607843137,1.40425531914894,-0.855235711305799
2R_19333311_SNP,0.299019607843137,1.15425531914894,-0.855235711305799
3L_13443549_SNP,1.45098039215686,0.595744680851064,0.855235711305799
2L_6448516_SNP,1.62875816993464,0.773522458628842,0.855235711305799
3L_5510916_SNP,0,0.854805944616701,-0.854805944616701
2R_11523914_SNP,1.64705882352941,0.792273236282195,0.854785587247217
3L_505027_SNP,0,0.854354025005484,-0.854354025005484
3R_23035381_SNP,1.70103092783505,0.846676902829568,0.854354025005484
2R_7703156_SNP,1.52941176470588,0.675283871678977,0.854127893026905
X_16624629_SNP,1.64705882352941,0.793542178980006,0.853516644549405
3L_3613090_SNP,1.70112893642305,0.848484848484848,0.852644087938205
3L_5510915_SNP,0,0.852413867588293,-0.852413867588293
3L_13443534_SNP,1.45117647058824,0.59936170212766,0.851814768460576
2R_12811313_SNP,1.64705882352941,0.795349857424874,0.851708966104538
3R_13525233_SNP,1.41176470588235,0.560416429627944,0.851348276254409
X_2243546_SNP,1.05882352941176,0.20805546734413,0.850768062067634
2L_9493296_SNP,0.235294117647059,1.08592471358429,-0.850630595937229
2L_9493298_SNP,0.235294117647059,1.08592471358429,-0.850630595937229
3R_11185544_SNP,1.60613810741688,0.755550416281221,0.850587691135659
3L_13294239_SNP,0,0.849972722313148,-0.849972722313148
2R_17384675_SNP,1.32631578947368,0.476931690929451,0.849384098544233
3L_4871962_SNP,0.588235294117647,1.43723938843152,-0.849004094313872
2R_7703252_SNP,1.57634201221472,0.727415416811999,0.848926595402723
3L_2554621_DEL,1.88235294117647,1.03379875886525,0.848554182311222
X_21874875_SNP,0.103731815306768,0.952070464424617,-0.848338649117849
3L_9400188_SNP,1.45140664961637,0.603607770582794,0.847798879033575
2R_7651359_SNP,1.29411764705882,0.447178998623902,0.846938648434922
2R_15527361_SNP,1.64705882352941,0.800242531143204,0.846816292386208
X_5222241_SNP,0.503529411764706,1.35021276595745,-0.846683354192741
3L_14336853_SNP,1.29411764705882,0.447564531806891,0.846553115251933
3L_504001_SNP,0.117647058823529,0.963548979371422,-0.845901920547893
3L_7069431_SNP,0.235294117647059,1.08062709966405,-0.845332982016995
X_9512848_SNP,0.588235294117647,1.43325923573621,-0.845023941618566
3L_4348365_SNP,1.76470588235294,0.919946808510638,0.844759073842303
3L_4391731_SNP,0.117647058823529,0.962356792144026,-0.844709733320497
3R_11604750_SNP,1.9515931372549,1.10704787234043,0.844545264914476
3R_16294974_SNP,1.4515931372549,0.607047872340426,0.844545264914476
2R_12717539_SNP,1.45160286336757,0.607227288078352,0.844375575289217
3L_4871887_SNP,0.705882352941177,1.55,-0.844117647058824
3L_4871873_DEL,0.705882352941177,1.54955492835432,-0.843672575413144
3L_4871889_SNP,0.705882352941177,1.54955492835432,-0.843672575413144
2R_14691327_SNP,0,0.843112524676464,-0.843112524676464
3L_5609033_SNP,1.32669683257919,0.483960720130933,0.842736112448253
X_8086240_INS,0.352941176470588,1.19549877044798,-0.842557593977396
3R_5718025_SNP,1.17647058823529,0.334307132620439,0.842163455614855
3L_1912587_SNP,1.41176470588235,0.5697699535587,0.841994752323653
3L_4999858_SNP,0.588235294117647,1.4302300464413,-0.841994752323653
X_8086246_SNP,0.352941176470588,1.19340864224611,-0.840467465775518
3L_13020974_INS,1.45182829888712,0.611385853939046,0.840442444948077
3L_503899_SNP,0.117647058823529,0.957392531480677,-0.839745472657148
X_14707031_DEL,1.76470588235294,0.92520119060743,0.839504691745511
2R_13472246_SNP,1.29411764705882,0.455005231949773,0.83911241510905
X_8086247_SNP,0.352941176470588,1.19203213200174,-0.839090955531149
3L_1036215_SNP,1.29411764705882,0.455182220349695,0.838935426709129
3L_4155656_SNP,1.82691715429627,0.98802495265679,0.838892201639484
3L_6432180_SNP,0.588235294117647,1.42707529489582,-0.838840000778175
2R_18066949_SNP,0.298079853703139,1.13691985448131,-0.838840000778175
2L_3237394_SNP,0.470588235294118,1.30912012411348,-0.838531888819357
2R_9176890_SNP,1.41176470588235,0.573328267477204,0.838436438405149
