var_id,inMean,outMean,result
X_10367891_SNP,1.6,0.413157894736842,1.18684210526316
X_10363980_SNP,1.6,0.426445423904589,1.17355457609541
2L_13822566_SNP,1.49417989417989,0.327318295739348,1.16686159844055
2L_13822598_SNP,1.46666666666667,0.3248277762469,1.14183889041977
2L_13822603_DEL,1.46666666666667,0.327146814404432,1.13951985226223
2L_13822597_SNP,1.46666666666667,0.333771929824561,1.13289473684211
3R_4162889_SNP,1.6,0.475623268698061,1.12437673130194
X_2441253_SNP,1.73333333333333,0.640876302431205,1.09245703090213
X_2441363_DEL,1.64252252252252,0.558520625889047,1.08400189663348
X_14349359_SNP,0.133333333333333,1.2096445301736,-1.07631119684027
X_10355746_SNP,1.50049751243781,0.429065200314218,1.07143231212359
2L_1995815_SNP,1.6,0.530911033930003,1.06908896607
2L_3198519_DEL,1.46666666666667,0.403048605119356,1.06361806154731
2R_13422576_SNP,0.266666666666667,1.32907402195328,-1.06240735528661
X_10370492_SNP,1.73333333333333,0.67765737874097,1.05567595459236
X_18248314_SNP,0.355555555555555,1.41052631578947,-1.05497076023392
X_10354726_SNP,1.46666666666667,0.412894736842105,1.05377192982456
2L_13822564_SNP,1.38835978835979,0.335672514619883,1.05268727373991
X_2441099_SNP,1.73333333333333,0.681669691470054,1.05166364186328
2L_13822664_SNP,1.38888888888889,0.339912280701754,1.04897660818713
X_10354947_SNP,1.46666666666667,0.418234981392876,1.04843168527379
X_10350977_SNP,1.46666666666667,0.4209457654288,1.04572090123787
2L_10526970_SNP,1.64540540540541,0.604950213371266,1.04045519203414
3R_20799427_SNP,1.46666666666667,0.426569096538137,1.04009757012853
3L_15476484_SNP,0.533333333333333,1.56775271512114,-1.0344193817878
X_10366921_SNP,1.39106529209622,0.35735214324471,1.03371314885151
3L_14159496_SNP,0.133333333333333,1.16650717703349,-1.03317384370016
X_10351389_DEL,1.46666666666667,0.437516869095817,1.02914979757085
2R_16921037_SNP,1.33333333333333,0.304736842105263,1.02859649122807
3L_10875069_SNP,0.068,1.09515789473684,-1.02715789473684
X_10359299_SNP,1.46666666666667,0.43970818134445,1.02695848532222
2R_13424839_SNP,0.133333333333333,1.15927977839335,-1.02594644506002
X_18043658_SNP,1.6,0.574726155490248,1.02527384450975
X_10354045_SNP,1.39274611398964,0.370820834469594,1.02192527952004
X_10352999_SNP,1.46666666666667,0.44484004127967,1.021826625387
2R_13422475_DEL,0.266666666666667,1.28783433994823,-1.02116767328156
2L_15083601_SNP,1.78954954954955,0.768534850640114,1.02101469890944
3L_6995995_SNP,0.353299492385787,1.37419182473951,-1.02089233235373
X_10371088_SNP,1.78961474036851,0.769584765934938,1.02002997443357
2R_8293428_SNP,1.73333333333333,0.715249662618084,1.01808367071525
X_5209006_SNP,0.133333333333333,1.14893951296151,-1.01560617962818
3L_18415566_SNP,0.352898550724638,1.36773455377574,-1.01483600305111
3L_1113710_SNP,1.6,0.589421573736321,1.01057842626368
3R_22537060_SNP,1.36175972927242,0.352551429334758,1.00920829993766
X_10350371_SNP,1.46666666666667,0.458926209997355,1.00774045666931
3L_3598794_SNP,1.6,0.592982456140351,1.00701754385965
3R_22145188_SNP,1.6,0.592982456140351,1.00701754385965
X_10359492_DEL,1.5047619047619,0.497744360902256,1.00701754385965
3L_9720951_SNP,1.50485762144054,0.499285903200212,1.00557171824032
3L_10875070_SNP,0.352238805970149,1.35710919088767,-1.00487038491752
2R_13424884_SNP,0.133333333333333,1.13656509695291,-1.00323176361958
X_18043821_SNP,0.533333333333333,1.53605655930872,-1.00272322597539
3L_1113711_SNP,1.6,0.6,1
X_5008583_SNP,0.133333333333333,1.13315789473684,-0.999824561403509
3L_10875082_SNP,0.351815181518152,1.35028660760813,-0.998471426089977
3L_10873199_SNP,1.79106529209622,0.792946283233858,0.998119008862362
X_18043817_SNP,0.533333333333333,1.53023009785771,-0.996896764524376
X_10361949_SNP,1.64854700854701,0.655546558704454,0.993000449842555
3R_6622141_SNP,1.9344262295082,0.943917169974116,0.990509059534081
3L_9716653_SNP,1.64873096446701,0.65850921720545,0.990221747261555
X_10370173_SNP,1.6,0.6107868681605,0.9892131318395
3R_11908350_SNP,1.79171171171171,0.803357041251778,0.988354670459934
3L_9731761_SNP,1.77111111111111,0.78327485380117,0.987836257309942
2L_2708097_SNP,0.666666666666667,1.65155195681511,-0.984885290148448
3L_16948414_SNP,1.50625,0.52171052631579,0.984539473684211
3R_18655510_SNP,1.6,0.616566005176877,0.983433994823124
X_8323871_INS,1.6,0.616566005176877,0.983433994823124
3L_10875099_SNP,0.133333333333333,1.11673212882954,-0.983398795496203
X_10367660_SNP,1.3983416252073,0.415658549358471,0.982683075848826
X_2441188_SNP,1.64923076923077,0.666558704453441,0.982672064777328
3L_9919791_SNP,1.50644567219153,0.524861878453039,0.98158379373849
X_10351393_SNP,1.46666666666667,0.485415030112595,0.981251636554072
2L_18273909_SNP,0.350537634408602,1.32971137521222,-0.979173740803622
X_10370174_SNP,1.6,0.621052631578947,0.978947368421053
2L_17958592_SNP,1.2,0.223641069887834,0.976358930112166
X_10353690_SNP,1.33333333333333,0.358684210526316,0.974649122807017
3R_6622117_SNP,1.93553113553114,0.961711972238288,0.973819163292848
X_20965920_SNP,1.2,0.226180836707152,0.973819163292847
X_5988657_SNP,1.64982456140351,0.67612188365651,0.973702677746999
X_10370488_SNP,1.64991789819376,0.677625097225823,0.972292800967937
3R_18655513_SNP,1.6,0.627787209960385,0.972212790039615
2L_15087787_SNP,1.5072758037225,0.538231365215068,0.969044438507436
X_5094161_SNP,1.40034904013962,0.431744282171397,0.968604757968219
3L_15605356_SNP,1.73333333333333,0.767729930887826,0.965603402445508
2R_13122926_SNP,1.9360824742268,0.970591427021161,0.965491047205643
X_8802866_SNP,1.73333333333333,0.770580296896086,0.962753036437247
2R_17311523_SNP,1.6,0.637938596491228,0.962061403508772
2L_953197_SNP,1.6,0.638652186020607,0.961347813979393
X_10361742_SNP,1.73333333333333,0.772321667111942,0.961011666221391
2L_13711805_SNP,1.65079365079365,0.691729323308271,0.95906432748538
3L_1606381_SNP,1.70964467005076,0.752284263959391,0.957360406091371
3R_4162760_SNP,1.40210526315789,0.445817174515236,0.956288088642659
2L_15324929_SNP,1.40236886632826,0.447929468340903,0.954439397987354
3L_5902539_SNP,1.71020408163265,0.756766917293233,0.95343716433942
3L_17184741_SNP,1.65122807017544,0.698725761772853,0.952502308402585
2R_16761511_SNP,1.73333333333333,0.781646423751687,0.951686909581646
X_8802862_SNP,1.73333333333333,0.781646423751687,0.951686909581646
3R_5658047_SNP,1.61311475409836,0.662697727926373,0.950417026171987
X_10361505_SNP,1.50862944162437,0.560032059845044,0.948597381779321
3L_9731903_SNP,1.79438596491228,0.846426592797784,0.947959372114497
3L_16462326_SNP,0.8,1.74773869346734,-0.947738693467337
2L_17310252_SNP,0.491304347826087,1.43890160183066,-0.947597254004576
3L_10676869_INS,1.2,0.254013822434875,0.945986177565125
X_10356643_DEL,1.46666666666667,0.520789473684211,0.945877192982456
3L_11474196_SNP,0.205387205387205,1.14992025518341,-0.944533049796208
X_17621660_DEL,1.2,0.255784130376703,0.944215869623297
X_20965765_SNP,1.2,0.256053927923256,0.943946072076744
X_10354897_SNP,1.36616415410385,0.423485850304152,0.9426783037997
2R_16811821_SNP,0.266666666666667,1.2088355604036,-0.942168893736933
3R_17895683_SNP,1.6,0.658373205741627,0.941626794258373
2R_16761545_SNP,1.73333333333333,0.792712550607288,0.940620782726046
3L_10861145_SNP,1.46666666666667,0.526045883940621,0.940620782726046
X_10351995_SNP,1.36632302405498,0.426044492674986,0.940278531379996
3L_12942342_SNP,1.55824915824916,0.618075491759702,0.940173666489456
2R_7838164_SNP,1.50921985815603,0.569540873460246,0.939678984695782
2L_953386_SNP,1.65217391304348,0.71395881006865,0.938215102974828
X_17621589_DEL,1.36649029982363,0.428738512949039,0.937751786874594
X_10370992_SNP,1.73333333333333,0.79571541920127,0.937617914132064
3L_3598903_SNP,1.65223367697595,0.714921323928378,0.937312353047567
X_10356568_DEL,1.46666666666667,0.529354313619099,0.937312353047567
2L_15088849_SNP,1.25112262521589,0.314916825743114,0.936205799472775
X_18043978_SNP,0.533333333333333,1.46951643067059,-0.936183097337252
X_2372364_SNP,1.46666666666667,0.530483569329415,0.936183097337252
3L_1010839_INS,1.6,0.664912280701754,0.935087719298246
X_10354879_SNP,1.36666666666667,0.431578947368421,0.935087719298246
X_2988819_SNP,1.33333333333333,0.399319193506154,0.93401413982718
3L_1113604_SNP,1.2,0.266683951257454,0.933316048742546
X_10351832_SNP,1.36683417085427,0.434276646389844,0.932557524464427
2R_16811815_SNP,0.266666666666667,1.19911821438413,-0.932451547717461
2L_14400548_SNP,0.49023569023569,1.42169059011164,-0.931454899875953
3R_4416302_SNP,1.2,0.268698060941828,0.931301939058172
3L_12026698_SNP,0.347350427350427,1.27838056680162,-0.931030139451192
2R_13424626_SNP,0.133333333333333,1.06283065175893,-0.929497318425598
2L_10453399_SNP,0.133333333333333,1.06271233639655,-0.929379003063214
2L_17988153_DEL,1.36704980842912,0.437749546279492,0.929300262149627
X_2441652_DEL,1.79565217391304,0.866819221967963,0.92883295194508
2L_9511050_SNP,1.50996563573883,0.581551817688551,0.92841381805028
X_7432157_SNP,2,1.07210526315789,0.927894736842105
2R_13399609_SNP,1.2,0.272327726532827,0.927672273467173
X_18043717_SNP,0.533333333333333,1.46090599633412,-0.927572663000786
3L_16887066_SNP,0.204255319148936,1.13169092945129,-0.927435610302352
3L_1611727_SNP,1.73333333333333,0.806559111346205,0.926774221987129
X_18972069_INS,1.32403100775194,0.397307221542228,0.92672378620971
2L_5730614_SNP,1.2243654822335,0.297675661234304,0.926689820999199
X_8802876_SNP,1.73333333333333,0.807236842105263,0.92609649122807
X_17621639_DEL,1.2,0.273948690822534,0.926051309177466
X_20965923_SNP,1.2,0.273948690822534,0.926051309177466
3L_8033639_SNP,1.78556701030928,0.860119370591427,0.925447639717851
3L_11474190_SNP,0.204081632653061,1.12889366272825,-0.924812030075188
X_3731167_SNP,0.133333333333333,1.05763157894737,-0.924298245614035
3L_16463584_SNP,0.8,1.72418926103137,-0.924189261031366
3L_11474208_SNP,0.204040404040404,1.12822966507177,-0.924189261031366
3L_2336339_DEL,1.86666666666667,0.94270211611503,0.923964550551637
X_19684124_SNP,1.28615384615385,0.363238866396761,0.922914979757085
X_17621632_SNP,1.2,0.277691691156826,0.922308308843174
3L_9721010_SNP,0.632478632478633,1.55465587044534,-0.922177237966712
3R_22145281_DEL,1.5103825136612,0.588265746333046,0.922116767328156
2L_15323784_SNP,1.40709219858156,0.485778275475924,0.921313923105636
2L_10464603_SNP,0.346666666666667,1.26736842105263,-0.920701754385965
2L_1674459_SNP,0.533333333333333,1.4535783904205,-0.920245057087163
X_20966354_DEL,1.33333333333333,0.41357492090883,0.919758412424504
X_2441488_SNP,1.73333333333333,0.813913496612819,0.919419836720514
X_7819430_SNP,0.133333333333333,1.05199038204649,-0.918657048713154
2R_16847292_SNP,0.4,1.31848852901484,-0.918488529014845
3L_22750941_SNP,0.203623188405797,1.12151029748284,-0.917887109077041
X_7432122_INS,2,1.08289473684211,0.917105263157895
X_17621637_SNP,1.2,0.282894736842105,0.917105263157895
X_18043982_SNP,0.533333333333333,1.45017020162346,-0.916836868290128
3L_9716577_SNP,1.65360824742268,0.737059142702116,0.916549104720564
2L_13237748_SNP,1.71550802139037,0.799268224036026,0.916239797354348
2L_9368555_SNP,1.40794473229706,0.492609762748841,0.915334969548223
2L_16227742_SNP,1.5618018018018,0.646543385490754,0.915258416311048
2R_16811816_SNP,0.266666666666667,1.18152412280702,-0.914857456140351
X_2441606_SNP,1.73333333333333,0.818643623985336,0.914689709347997
3R_23477229_SNP,0.489122807017544,1.40376731301939,-0.914644506001847
2R_9979656_SNP,0.774814814814815,1.68912280701754,-0.914307992202729
3L_11474226_SNP,0.203367003367003,1.11738437001595,-0.914017366648946
X_7432108_SNP,2,1.08619763694952,0.913802363050483
X_7432329_SNP,2,1.08619763694952,0.913802363050483
X_10356428_SNP,1.46666666666667,0.553157894736842,0.913508771929824
X_2441481_SNP,1.73333333333333,0.819859994814623,0.913473338518711
3L_2336345_SNP,1.86666666666667,0.95359828141783,0.913068385248836
3L_1423273_SNP,0.4,1.31303887860354,-0.913038878603544
3L_18260321_SNP,1.2,0.287390350877193,0.912609649122807
3L_8264671_SNP,0.346127946127946,1.25869218500797,-0.912564238880028
X_2441456_MNP,1.73333333333333,0.821052631578947,0.912280701754386
X_2441460_INS,1.73333333333333,0.821052631578947,0.912280701754386
X_10353024_INS,1.40838323353293,0.496123542388906,0.912259691144028
3L_10676885_SNP,1.2,0.287943997925849,0.912056002074151
X_18042552_SNP,0.8,1.71135452845311,-0.911354528453112
X_18042554_SNP,0.8,1.71135452845311,-0.911354528453112
3R_4416148_SNP,1.22539682539683,0.314285714285714,0.911111111111111
3L_10287682_DEL,1.51111111111111,0.6,0.911111111111111
3R_22145212_SNP,1.51111111111111,0.6,0.911111111111111
X_10364523_SNP,1.51111111111111,0.6,0.911111111111111
2L_5390361_SNP,1.36827094474153,0.457416267942584,0.910854676798949
X_5008682_SNP,0.4,1.31039539146373,-0.910395391463734
2L_4372845_SNP,1.65405405405405,0.744238975817923,0.909815078236131
2L_5730589_SNP,1.2,0.290601503759399,0.909398496240602
2L_5730591_SNP,1.2,0.290601503759399,0.909398496240602
