ids,inMean,outMean,trueDif
2L_17598293_SNP,1.83028083028083,0.410181655079614,1.42009917520122
2L_17598317_SNP,2,0.586897524967434,1.41310247503257
2L_17598252_SNP,2,0.594195742813254,1.40580425718675
3R_11538516_SNP,0,1.40174626551652,-1.40174626551652
2R_13682326_SNP,1.83462532299742,0.450878025628856,1.38374729736856
3L_16203220_SNP,1.77777777777778,0.401964011411016,1.37581376636676
X_5714629_SNP,1.77777777777778,0.403765926260007,1.37401185151777
3R_25154015_SNP,1.77777777777778,0.409891825582692,1.36788595219509
2L_10461302_SNP,1.77777777777778,0.411208462442569,1.36656931533521
2R_13682428_SNP,1.77777777777778,0.424812030075188,1.35296574770259
2R_13931825_SNP,2,0.649022108843537,1.35097789115646
3R_5781443_SNP,0.222222222222222,1.5722216347679,-1.34999941254568
3L_16203240_SNP,1.77777777777778,0.427778365232103,1.34999941254567
3L_12735358_SNP,1.83937198067633,0.495341614906832,1.3440303657695
2R_13682425_SNP,1.77777777777778,0.446717862402693,1.33105991537508
3L_14758518_SNP,0,1.32918792517007,-1.32918792517007
3R_4793941_SNP,1.77777777777778,0.463580112896222,1.31419766488156
X_10096034_SNP,0.222222222222222,1.5300538125698,-1.30783159034758
X_20395226_SNP,1.77777777777778,0.469946187430196,1.30783159034758
2R_13682341_SNP,1.77777777777778,0.472088835534214,1.30568894224356
3R_11057290_SNP,2,0.70929222752931,1.29070777247069
3R_11057360_SNP,2,0.714392006802721,1.28560799319728
3R_14819776_SNP,2,0.714513738456276,1.28548626154372
2L_7000845_SNP,0.222222222222222,1.49866175978588,-1.27643953756366
2R_14450570_SNP,2,0.730327952076353,1.26967204792365
3R_9700022_SNP,1.55555555555556,0.286242994607169,1.26931256094839
3L_9231775_SNP,0.444444444444444,1.70669806384092,-1.26225361939648
2R_8604648_SNP,1.55555555555556,0.296482412060302,1.25907314349525
3L_16336310_SNP,1.77777777777778,0.522196507468967,1.25558127030881
2R_17971199_SNP,0,1.25510204081633,-1.25510204081633
3R_10395247_SNP,2,0.744897959183674,1.25510204081633
3L_9231769_SNP,0.444444444444444,1.69788629737609,-1.25344185293165
2R_16539336_SNP,2,0.747135217723453,1.25286478227655
3R_10395124_SNP,2,0.751469174057057,1.24853082594294
2R_6699247_SNP,1.77777777777778,0.529827315541601,1.24795046223618
X_22208505_SNP,0,1.24464285714286,-1.24464285714286
3L_10815137_SNP,0,1.2443746729461,-1.2443746729461
3R_11060768_SNP,1.77777777777778,0.534908700322234,1.24286907745554
2R_10647052_SNP,2,0.75797193877551,1.24202806122449
3L_9229518_SNP,1.55555555555556,0.313635902122043,1.24191965343351
3L_19279528_SNP,0.222222222222222,1.46182917611489,-1.23960695389267
3R_10395166_SNP,2,0.760393046107332,1.23960695389267
3R_10395288_SNP,1.55555555555556,0.316747317483695,1.23880823807186
3L_17181592_SNP,0.222222222222222,1.46061862244898,-1.23839640022676
X_22234687_SNP,1.77777777777778,0.539704990907254,1.23807278687052
3R_14228503_SNP,1.77777777777778,0.542451234637501,1.23532654314028
3R_11061083_SNP,1.77777777777778,0.542632759910247,1.23514501786753
X_21880955_SNP,2,0.765816326530612,1.23418367346939
X_20340871_SNP,0.222222222222222,1.45514347871128,-1.23292125648906
2R_18312092_SNP,1.77777777777778,0.545918367346939,1.23185941043084
3R_11060898_SNP,1.77777777777778,0.545918367346939,1.23185941043084
3R_11060954_SNP,1.77777777777778,0.545918367346939,1.23185941043084
3L_14836872_SNP,2,0.768866921768708,1.23113307823129
3R_10124574_SNP,0,1.23049219687875,-1.23049219687875
2R_17969269_SNP,0.222222222222222,1.45194710537276,-1.22972488315054
2R_4454832_INS,0.146913580246913,1.37619047619048,-1.22927689594356
3R_9696555_SNP,1.55555555555556,0.327016520894072,1.22853903466148
3R_11060767_SNP,1.77777777777778,0.549238743116294,1.22853903466148
3L_17181588_SNP,0.222222222222222,1.44972363945578,-1.22750141723356
2R_13931697_SNP,2,0.773373223635004,1.226626776365
X_14014446_SNP,1.55555555555556,0.329597123823623,1.22595843173193
2R_16874325_SNP,0.222222222222222,1.44641521530078,-1.22419299307856
3L_18137833_SNP,1.77777777777778,0.55358478469922,1.22419299307856
2R_10647044_SNP,2,0.776052974381242,1.22394702561876
3R_10395222_SNP,2,0.776052974381242,1.22394702561876
2R_16874315_SNP,0.222222222222222,1.44545550178834,-1.22323327956612
2L_7775062_SNP,1.35384615384615,0.130926216640502,1.22291993720565
3L_7755695_SNP,1.77777777777778,0.555474981870921,1.22230279590686
2R_13931698_SNP,2,0.777926960257787,1.22207303974221
X_5305298_SNP,1.55555555555556,0.334450197989644,1.22110535756591
X_5472396_SNP,0.222222222222222,1.44274655675078,-1.22052433452856
X_16748832_SNP,1.77777777777778,0.559583632447954,1.21819414532982
2R_12529447_SNP,2,0.783319450229071,1.21668054977093
2R_16102931_SNP,2,0.783319450229071,1.21668054977093
2R_5289347_SNP,2,0.784325248423977,1.21567475157602
3L_7999179_SNP,1.55555555555556,0.340599876314162,1.21495567924139
3L_14377305_SNP,0.145077720207254,1.35899333826795,-1.2139156180607
2R_12704821_SNP,1.55555555555556,0.342691391277323,1.21286416427823
2R_13931710_SNP,2,0.787179765523231,1.21282023447677
3L_4362944_SNP,1.60506620610248,0.392354869408903,1.21271133669357
2R_18311795_SNP,2,0.787807430664573,1.21219256933543
3L_13089421_SNP,1.3552271483306,0.143862471096813,1.21136467723378
3R_23083410_SNP,1.55555555555556,0.34474837055241,1.21080718500315
2R_13719438_SNP,1.77777777777778,0.567937701396348,1.20984007638143
2L_4657044_SNP,1.66970248937462,0.460577673692428,1.20912481568219
3R_23610801_SNP,1.55555555555556,0.346938775510204,1.20861678004535
X_16748908_SNP,1.77777777777778,0.57009537483335,1.20768240294443
3L_22365937_SNP,1.77777777777778,0.570528211284514,1.20724956649326
2R_10647050_SNP,2,0.79527727321295,1.20472272678705
3L_14837503_SNP,2,0.79527727321295,1.20472272678705
X_6808584_SNP,0,1.20439084724799,-1.20439084724799
3L_14687912_SNP,1.77777777777778,0.576109825373448,1.20166795240433
2R_11592304_SNP,0.222222222222222,1.42270408163265,-1.20048185941043
X_10435521_SNP,1.77777777777778,0.577295918367347,1.20048185941043
3L_14758574_SNP,0.666666666666667,1.86639655862345,-1.19972989195678
3L_12697822_SNP,1.77777777777778,0.580607117218747,1.19717066055903
2R_17971232_SNP,0,1.19693331878206,-1.19693331878206
3R_16170195_SNP,0,1.19533527696793,-1.19533527696793
3R_18469387_SNP,1.77777777777778,0.58296130952381,1.19481646825397
X_16748905_SNP,1.77777777777778,0.583951762523191,1.19382601525459
3R_23083408_SNP,1.55555555555556,0.362112720735963,1.19344283481959
3R_23083416_SNP,1.55555555555556,0.362112720735963,1.19344283481959
2R_15287241_SNP,2,0.809262166405024,1.19073783359498
3R_22159608_SNP,0,1.19056665219279,-1.19056665219279
X_16748912_SNP,1.77777777777778,0.587755102040816,1.19002267573696
2L_5703075_SNP,1.77777777777778,0.590356349793804,1.18742142798397
2R_14873609_INS,1.55555555555556,0.368393511250654,1.1871620443049
3L_1229883_SNP,0,1.18503066251131,-1.18503066251131
2R_12513313_SNP,1.55555555555556,0.370660635388176,1.18489492016738
3L_8911030_SNP,2,0.816326530612245,1.18367346938776
X_13260167_DEL,0.222222222222222,1.40580847723705,-1.18358625501483
2R_16539600_SNP,2,0.818599978851644,1.18140002114836
3R_6054971_SNP,0.222222222222222,1.40289839339991,-1.18067617117769
2R_14583880_SNP,1.77777777777778,0.597675152535241,1.18010262524254
3L_5345441_SNP,1.77777777777778,0.597675152535241,1.18010262524254
X_14424503_SNP,1.85899605188945,0.679167098311406,1.17982895357805
2R_19169468_SNP,1.55555555555556,0.376822157434402,1.17873339812115
3R_14229578_SNP,1.55555555555556,0.376822157434402,1.17873339812115
2R_13931784_SNP,2,0.821965628356606,1.17803437164339
2L_19110371_SNP,2,0.822627411620386,1.17737258837961
3L_9885016_SNP,1.55555555555556,0.378316326530612,1.17723922902494
3R_11056706_SNP,1.77777777777778,0.600966702470462,1.17681107530732
3L_999246_SNP,2,0.823992283480557,1.17600771651944
X_10095981_SNP,0.444444444444444,1.6202480992397,-1.17580365479525
3L_20063102_SNP,1.55555555555556,0.381443298969072,1.17411225658648
X_9939864_SNP,1.60970107163001,0.435771262819849,1.17392980881016
3R_23080339_SNP,1.55555555555556,0.382356117049995,1.17319943850556
2R_15297909_SNP,0.222222222222222,1.39491857349,-1.17269635126778
X_11763919_SNP,0.222222222222222,1.39460784313725,-1.17238562091503
3L_11840220_SNP,2,0.828571428571429,1.17142857142857
2R_19169430_SNP,1.55555555555556,0.385165233606133,1.17039032194942
3L_8839080_SNP,0,1.17018589614063,-1.17018589614063
2L_9843151_SNP,0.139825218476903,1.30979133226324,-1.16996611378634
3L_14837160_SNP,2,0.830370858020628,1.16962914197937
3R_5787538_SNP,0,1.16962914197937,-1.16962914197937
3R_26817108_SNP,1.77777777777778,0.608228397742075,1.1695493800357
3L_4425200_SNP,0.222222222222222,1.39132653061224,-1.16910430839002
3L_5345592_SNP,0.222222222222222,1.39132653061224,-1.16910430839002
X_5470052_SNP,0.222222222222222,1.39132653061224,-1.16910430839002
2R_13931753_SNP,2,0.83297529538131,1.16702470461869
2R_14713438_SNP,0.444444444444444,1.61122448979592,-1.16678004535147
3R_14229582_SNP,1.55555555555556,0.389848246991104,1.16570730856445
3L_1183888_SNP,0,1.16560056858564,-1.16560056858564
3R_22793991_INS,1.55555555555556,0.390855789829744,1.16469976572581
3R_9700000_SNP,1.55555555555556,0.390977443609023,1.16457811194653
3L_4362922_SNP,1.61083471531233,0.446390496497106,1.16444421881522
2R_11570717_SNP,2,0.837868480725624,1.16213151927438
2R_11610823_SNP,1.77777777777778,0.615646258503401,1.16213151927438
2R_13682351_SNP,1.77777777777778,0.615646258503401,1.16213151927438
3R_11508236_SNP,1.77777777777778,0.615646258503401,1.16213151927438
3R_23080327_SNP,1.55555555555556,0.393424036281179,1.16213151927438
2R_9624606_SNP,2,0.839085372368843,1.16091462763116
2R_10647035_SNP,2,0.839085372368843,1.16091462763116
2L_2316190_SNP,0.138741916519694,1.29964366699061,-1.16090175047091
3L_16442956_SNP,1.55555555555556,0.395783694188335,1.15977186136722
3R_13091736_SNP,1.55555555555556,0.395896656534954,1.1596588990206
X_5470050_SNP,0.222222222222222,1.38091887001106,-1.15869664778884
2R_8561889_SNP,0.222222222222222,1.38075952030297,-1.15853729808074
3R_13091705_SNP,1.55555555555556,0.397055697278912,1.15849985827664
2R_13682259_SNP,1.77777777777778,0.619355188884064,1.15842258889371
3L_14337651_SNP,0.222222222222222,1.38045832858283,-1.15823610636061
3R_6780841_DEL,1.61172161172161,0.454698362861628,1.15702324885998
X_5935710_SNP,1.77777777777778,0.622550010103051,1.15522776767473
X_9985215_SNP,1.77777777777778,0.622654086760332,1.15512369101745
X_8225224_SNP,0.388042865200226,1.54309541075313,-1.15505254555291
2R_18878637_SNP,1.77777777777778,0.622871946706144,1.15490583107163
2R_6405622_SNP,1.77777777777778,0.622986036519871,1.15479174125791
2R_5707849_SNP,1.77777777777778,0.623103786969333,1.15467399080844
3R_20607226_SNP,0.222222222222222,1.37689621303067,-1.15467399080844
2R_16874380_SNP,0.444444444444444,1.59840016408573,-1.15395571964129
X_4099415_SNP,1.55555555555556,0.401599835914265,1.15395571964129
3R_5781124_SNP,0.444444444444444,1.5965250965251,-1.15208065208065
3R_5781131_SNP,0.444444444444444,1.5965250965251,-1.15208065208065
3L_14152555_SNP,1.77777777777778,0.626541241496599,1.15123653628118
3R_5781126_SNP,0.444444444444444,1.59394409937888,-1.14949965493444
3L_3733315_SNP,0.444444444444444,1.59359784522946,-1.14915340078502
3L_13908841_SNP,0,1.14782836211408,-1.14782836211408
3L_16210549_SNP,1.55555555555556,0.407950680272109,1.14760487528345
X_5206230_SNP,1.77777777777778,0.630248958222032,1.14752881955575
2L_14378059_SNP,1.61286549707602,0.465413533834587,1.14745196324144
2L_13980630_SNP,0.222222222222222,1.36927744070601,-1.14705521848379
2R_18183655_SNP,0.444444444444444,1.5911599333611,-1.14671548891666
2L_12536259_SNP,1.68681635002879,0.540340488527017,1.14647586150177
3R_19742296_SNP,0.444444444444444,1.59041798537597,-1.14597354093152
3L_16041645_SNP,0.444444444444444,1.58953948071375,-1.14509503626931
2R_10647041_SNP,2,0.85499462943072,1.14500537056928
3L_4604123_SNP,0.136752136752137,1.28100470957614,-1.144252572824
3L_9057675_SNP,1.77777777777778,0.633710479010257,1.14406729876752
3R_19747409_SNP,1.77777777777778,0.634290079668231,1.14348769810955
3R_19747494_SNP,1.77777777777778,0.634290079668231,1.14348769810955
2R_17971052_SNP,0,1.14100185528757,-1.14100185528757
3L_8838845_SNP,0,1.14100185528757,-1.14100185528757
X_6808629_SNP,0,1.14005102040816,-1.14005102040816
2R_19675363_DEL,0.222222222222222,1.36221790303423,-1.13999568081201
3R_26817196_SNP,1.77777777777778,0.638139126618389,1.13963865115939
3L_15252353_SNP,1.86387434554974,0.724863767496527,1.13901057805321
3R_7947056_DEL,1.55555555555556,0.417424578527063,1.13813097702849
2R_4455577_SNP,0,1.1368677905945,-1.1368677905945
3L_18004432_SNP,0.222222222222222,1.35879901698899,-1.13657679476677
X_14680022_DEL,1.77777777777778,0.641200983011006,1.13657679476677
